2 975541010432 2
2 975541010437 2
2 975541010440 2
2 975541010445 2
2 975541010448 2
2 975541010453 2
2 975541010456 2
2 975541010461 2
2 975541010464 2
2 975541010469 2
2 975541010472 2
2 975541010477 2
2 975541010480 2
2 975541010485 2
2 975541010488 2
2 975541010493 2
2 975541010496 2
2 975541010501 2
2 975541010504 2
2 975541010509 2
2 975541010512 2
2 975541010517 2
2 975541010520 2
2 975541010525 2
2 975541010528 2
2 975541010533 2
2 975541010536 2
2 975541010541 2
2 975541010544 2
2 975541010549 2
2 975541010552 2
2 975541010557 2
2 975541011840 2
2 975541011848 2
2 975541011856 2
2 975541011864 2
2 975541011872 2
2 975541011880 2
2 975541011888 2
2 975541011896 2
2 975541011904 2
2 975541011912 2
2 975541011920 2
2 975541011928 2
2 975541011936 2
2 975541011944 2
2 975541011952 2
2 975541011960 2
3 975541010432 4
3 975541010433 6
3 975541010434 6
3 975541010437 12
3 975541010438 4
3 975541010439 2
3 975541010440 4
3 975541010441 6
3 975541010442 6
3 975541010445 12
3 975541010446 4
3 975541010447 2
3 975541010448 4
3 975541010449 6
3 975541010450 6
3 975541010453 12
3 975541010454 4
3 975541010455 2
3 975541010456 4
3 975541010457 6
3 975541010458 6
3 975541010461 12
3 975541010462 4
3 975541010463 2
3 975541010464 4
3 975541010465 6
3 975541010466 6
3 975541010469 12
3 975541010470 4
3 975541010471 2
3 975541010472 4
3 975541010473 6
3 975541010474 6
3 975541010477 12
3 975541010478 4
3 975541010479 2
3 975541010480 4
3 975541010481 6
3 975541010482 6
3 975541010485 12
3 975541010486 4
3 975541010487 2
3 975541010488 4
3 975541010489 6
3 975541010490 6
3 975541010493 12
3 975541010494 4
3 975541010495 2
3 975541010496 4
3 975541010497 6
3 975541010498 6
3 975541010501 12
3 975541010502 4
3 975541010503 2
3 975541010504 4
3 975541010505 6
3 975541010506 6
3 975541010509 12
3 975541010510 4
3 975541010511 2
3 975541010512 4
3 975541010513 6
3 975541010514 6
3 975541010517 12
3 975541010518 4
3 975541010519 2
3 975541010520 4
3 975541010521 6
3 975541010522 6
3 975541010525 12
3 975541010526 4
3 975541010527 2
3 975541010528 4
3 975541010529 6
3 975541010530 6
3 975541010533 12
3 975541010534 4
3 975541010535 2
3 975541010536 4
3 975541010537 6
3 975541010538 6
3 975541010541 12
3 975541010542 4
3 975541010543 2
3 975541010544 4
3 975541010545 6
3 975541010546 6
3 975541010549 12
3 975541010550 4
3 975541010551 2
3 975541010552 4
3 975541010553 6
3 975541010554 6
3 975541010557 12
3 975541010558 4
3 975541010559 2
3 975541010560 2
3 975541010565 2
3 975541010568 2
3 975541010573 2
3 975541010576 2
3 975541010581 2
3 975541010584 2
3 975541010589 2
3 975541010592 2
3 975541010597 2
3 975541010600 2
3 975541010605 2
3 975541010608 2
3 975541010613 2
3 975541010616 2
3 975541010621 2
3 975541010624 2
3 975541010629 2
3 975541010632 2
3 975541010637 2
3 975541010640 2
3 975541010645 2
3 975541010648 2
3 975541010653 2
3 975541010656 2
3 975541010661 2
3 975541010664 2
3 975541010669 2
3 975541010672 2
3 975541010677 2
3 975541010680 2
3 975541010685 2
3 975541010688 2
3 975541010693 2
3 975541010696 2
3 975541010701 2
3 975541010704 2
3 975541010709 2
3 975541010712 2
3 975541010717 2
3 975541010720 2
3 975541010725 2
3 975541010728 2
3 975541010733 2
3 975541010736 2
3 975541010741 2
3 975541010744 2
3 975541010749 2
3 975541010752 2
3 975541010757 2
3 975541010760 2
3 975541010765 2
3 975541010768 2
3 975541010773 2
3 975541010776 2
3 975541010781 2
3 975541010784 2
3 975541010789 2
3 975541010792 2
3 975541010797 2
3 975541010800 2
3 975541010805 2
3 975541010808 2
3 975541010813 2
3 975541010816 2
3 975541010821 2
3 975541010824 2
3 975541010829 2
3 975541010832 2
3 975541010837 2
3 975541010840 2
3 975541010845 2
3 975541010848 2
3 975541010853 2
3 975541010856 2
3 975541010861 2
3 975541010864 2
3 975541010869 2
3 975541010872 2
3 975541010877 2
3 975541010880 2
3 975541010885 2
3 975541010888 2
3 975541010893 2
3 975541010896 2
3 975541010901 2
3 975541010904 2
3 975541010909 2
3 975541010912 2
3 975541010917 2
3 975541010920 2
3 975541010925 2
3 975541010928 2
3 975541010933 2
3 975541010936 2
3 975541010941 2
3 975541010944 2
3 975541010949 2
3 975541010952 2
3 975541010957 2
3 975541010960 2
3 975541010965 2
3 975541010968 2
3 975541010973 2
3 975541010976 2
3 975541010981 2
3 975541010984 2
3 975541010989 2
3 975541010992 2
3 975541010997 2
3 975541011000 2
3 975541011005 2
3 975541011008 2
3 975541011013 2
3 975541011016 2
3 975541011021 2
3 975541011024 2
3 975541011029 2
3 975541011032 2
3 975541011037 2
3 975541011040 2
3 975541011045 2
3 975541011048 2
3 975541011053 2
3 975541011056 2
3 975541011061 2
3 975541011064 2
3 975541011069 2
3 975541011072 2
3 975541011077 2
3 975541011080 2
3 975541011085 2
3 975541011088 2
3 975541011093 2
3 975541011096 2
3 975541011101 2
3 975541011104 2
3 975541011109 2
3 975541011112 2
3 975541011117 2
3 975541011120 2
3 975541011125 2
3 975541011128 2
3 975541011133 2
3 975541011136 2
3 975541011141 2
3 975541011144 2
3 975541011149 2
3 975541011152 2
3 975541011157 2
3 975541011160 2
3 975541011165 2
3 975541011168 2
3 975541011173 2
3 975541011176 2
3 975541011181 2
3 975541011184 2
3 975541011189 2
3 975541011192 2
3 975541011197 2
3 975541011200 12
3 975541011205 2
3 975541011208 2
3 975541011213 2
3 975541011216 2
3 975541011221 2
3 975541011224 2
3 975541011229 2
3 975541011232 2
3 975541011237 2
3 975541011240 2
3 975541011245 2
3 975541011248 2
3 975541011253 2
3 975541011256 2
3 975541011261 2
3 975541011264 2
3 975541011269 2
3 975541011272 2
3 975541011277 2
3 975541011280 2
3 975541011285 2
3 975541011288 2
3 975541011293 2
3 975541011296 2
3 975541011301 2
3 975541011304 2
3 975541011309 2
3 975541011312 2
3 975541011317 2
3 975541011320 2
3 975541011325 2
3 975541011328 6
3 975541011329 2
3 975541011330 2
3 975541011334 2
3 975541011336 6
3 975541011337 2
3 975541011338 2
3 975541011342 2
3 975541011344 6
3 975541011345 2
3 975541011346 2
3 975541011350 2
3 975541011352 6
3 975541011353 2
3 975541011354 2
3 975541011358 2
3 975541011360 6
3 975541011361 2
3 975541011362 2
3 975541011366 2
3 975541011368 6
3 975541011369 2
3 975541011370 2
3 975541011374 2
3 975541011376 6
3 975541011377 2
3 975541011378 2
3 975541011382 2
3 975541011384 6
3 975541011385 2
3 975541011386 2
3 975541011390 2
3 975541011392 6
3 975541011393 2
3 975541011394 2
3 975541011398 2
3 975541011400 6
3 975541011401 2
3 975541011402 2
3 975541011406 2
3 975541011408 6
3 975541011409 2
3 975541011410 2
3 975541011414 2
3 975541011416 6
3 975541011417 2
3 975541011418 2
3 975541011422 2
3 975541011424 6
3 975541011425 2
3 975541011426 2
3 975541011430 2
3 975541011432 6
3 975541011433 2
3 975541011434 2
3 975541011438 2
3 975541011440 6
3 975541011441 2
3 975541011442 2
3 975541011446 2
3 975541011448 6
3 975541011449 2
3 975541011450 2
3 975541011454 2
3 975541011584 4
3 975541011585 2
3 975541011590 2
3 975541011592 4
3 975541011593 2
3 975541011598 2
3 975541011600 4
3 975541011601 2
3 975541011606 2
3 975541011608 4
3 975541011609 2
3 975541011614 2
3 975541011616 4
3 975541011617 2
3 975541011622 2
3 975541011624 4
3 975541011625 2
3 975541011630 2
3 975541011632 4
3 975541011633 2
3 975541011638 2
3 975541011640 4
3 975541011641 2
3 975541011646 2
3 975541011648 4
3 975541011649 2
3 975541011654 2
3 975541011656 4
3 975541011657 2
3 975541011662 2
3 975541011664 4
3 975541011665 2
3 975541011670 2
3 975541011672 4
3 975541011673 2
3 975541011678 2
3 975541011680 4
3 975541011681 2
3 975541011686 2
3 975541011688 4
3 975541011689 2
3 975541011694 2
3 975541011696 4
3 975541011697 2
3 975541011702 2
3 975541011704 4
3 975541011705 2
3 975541011710 2
3 975541011840 4
3 975541011848 4
3 975541011856 4
3 975541011864 4
3 975541011872 4
3 975541011880 4
3 975541011888 4
3 975541011896 4
3 975541011904 4
3 975541011912 4
3 975541011920 4
3 975541011928 4
3 975541011936 4
3 975541011944 4
3 975541011952 4
3 975541011960 4
3 975541012096 4
3 975541012104 4
3 975541012112 4
3 975541012120 4
3 975541012128 4
3 975541012136 4
3 975541012144 4
3 975541012152 4
3 975541012160 4
3 975541012168 4
3 975541012176 4
3 975541012184 4
3 975541012192 4
3 975541012200 4
3 975541012208 4
3 975541012216 4
3 975541012224 6
3 975541012225 2
3 975541012226 4
3 975541012232 6
3 975541012233 2
3 975541012234 4
3 975541012240 6
3 975541012241 2
3 975541012242 4
3 975541012248 6
3 975541012249 2
3 975541012250 4
3 975541012256 6
3 975541012257 2
3 975541012258 4
3 975541012264 6
3 975541012265 2
3 975541012266 4
3 975541012272 6
3 975541012273 2
3 975541012274 4
3 975541012280 6
3 975541012281 2
3 975541012282 4
3 975541012288 6
3 975541012289 2
3 975541012290 4
3 975541012296 6
3 975541012297 2
3 975541012298 265
3 975541012304 6
3 975541012305 2
3 975541012306 4
3 975541012312 6
3 975541012313 2
3 975541012314 8
3 975541012320 6
3 975541012321 2
3 975541012322 4
3 975541012328 6
3 975541012329 2
3 975541012330 4
3 975541012336 6
3 975541012337 2
3 975541012338 4
3 975541012344 6
3 975541012345 2
3 975541012346 4
3 975541012352 2
3 975541012359 2
3 975541012360 2
3 975541012367 2
3 975541012368 2
3 975541012375 2
3 975541012376 2
3 975541012383 2
3 975541012384 2
3 975541012391 2
3 975541012392 2
3 975541012399 2
3 975541012400 2
3 975541012407 2
3 975541012408 2
3 975541012415 2
3 975541012416 2
3 975541012423 2
3 975541012424 2
3 975541012431 2
3 975541012432 2
3 975541012439 2
3 975541012440 2
3 975541012447 2
3 975541012448 2
3 975541012455 2
3 975541012456 2
3 975541012463 2
3 975541012464 2
3 975541012471 2
3 975541012472 2
3 975541012479 2
5 975541010560 2
5 975541010567 2
5 975541010568 2
5 975541010575 2
5 975541010576 2
5 975541010583 2
5 975541010584 2
5 975541010591 2
5 975541010592 2
5 975541010599 2
5 975541010600 2
5 975541010607 2
5 975541010608 2
5 975541010615 2
5 975541010616 2
5 975541010623 2
5 975541010624 2
5 975541010631 2
5 975541010632 2
5 975541010639 2
5 975541010640 2
5 975541010647 2
5 975541010648 2
5 975541010655 2
5 975541010656 2
5 975541010663 2
5 975541010664 2
5 975541010671 2
5 975541010672 2
5 975541010679 2
5 975541010680 2
5 975541010687 2
5 975541012352 2
5 975541012360 2
5 975541012368 2
5 975541012376 2
5 975541012384 2
5 975541012392 2
5 975541012400 2
5 975541012408 2
5 975541012416 2
5 975541012424 2
5 975541012432 2
5 975541012440 2
5 975541012448 2
5 975541012456 2
5 975541012464 2
5 975541012472 2
6 975541010561 8
6 975541010562 8
6 975541010563 4
6 975541010565 4
6 975541010569 8
6 975541010570 8
6 975541010571 22
6 975541010573 4
6 975541010577 8
6 975541010578 8
6 975541010579 4
6 975541010581 4
6 975541010585 8
6 975541010586 8
6 975541010587 4
6 975541010589 4
6 975541010593 8
6 975541010594 8
6 975541010595 4
6 975541010597 4
6 975541010601 8
6 975541010602 8
6 975541010603 69
6 975541010605 4
6 975541010609 8
6 975541010610 8
6 975541010611 11
6 975541010613 4
6 975541010617 8
6 975541010618 8
6 975541010619 4
6 975541010621 4
6 975541010625 8
6 975541010626 9
6 975541010627 8
6 975541010629 4
6 975541010633 8
6 975541010634 8
6 975541010635 4
6 975541010637 4
6 975541010641 8
6 975541010642 8
6 975541010643 4
6 975541010645 4
6 975541010649 8
6 975541010650 10
6 975541010651 4
6 975541010653 4
6 975541010657 8
6 975541010658 15
6 975541010659 9
6 975541010661 4
6 975541010665 8
6 975541010666 10
6 975541010667 6
6 975541010669 4
6 975541010673 8
6 975541010674 8
6 975541010675 6
6 975541010677 4
6 975541010681 8
6 975541010682 8
6 975541010683 12
6 975541010685 4
6 975541010816 2
6 975541010817 2
6 975541010824 2
6 975541010825 2
6 975541010832 2
6 975541010833 2
6 975541010840 2
6 975541010841 2
6 975541010848 2
6 975541010849 2
6 975541010856 2
6 975541010857 2
6 975541010864 2
6 975541010865 2
6 975541010872 2
6 975541010873 2
6 975541010880 2
6 975541010881 2
6 975541010888 2
6 975541010889 2
6 975541010896 2
6 975541010897 2
6 975541010904 2
6 975541010905 2
6 975541010912 2
6 975541010913 2
6 975541010920 2
6 975541010921 2
6 975541010928 2
6 975541010929 2
6 975541010936 2
6 975541010937 2
6 975541010944 2
6 975541010945 2
6 975541010952 2
6 975541010953 2
6 975541010960 2
6 975541010961 2
6 975541010968 2
6 975541010969 2
6 975541010976 2
6 975541010977 2
6 975541010984 2
6 975541010985 2
6 975541010992 2
6 975541010993 2
6 975541011000 2
6 975541011001 2
6 975541011008 2
6 975541011009 2
6 975541011016 2
6 975541011017 2
6 975541011024 2
6 975541011025 2
6 975541011032 2
6 975541011033 2
6 975541011040 2
6 975541011041 2
6 975541011048 2
6 975541011049 2
6 975541011056 2
6 975541011057 65
6 975541011064 2
6 975541011065 2
6 975541011072 2
6 975541011074 222
6 975541011080 6
6 975541011082 2
6 975541011088 2
6 975541011090 2
6 975541011096 2
6 975541011098 2
6 975541011104 2
6 975541011106 2
6 975541011112 2
6 975541011114 2
6 975541011120 2
6 975541011122 205
6 975541011128 2
6 975541011130 2
6 975541011136 9
6 975541011138 2
6 975541011144 2
6 975541011146 2
6 975541011152 2
6 975541011154 2
6 975541011160 2
6 975541011162 2
6 975541011168 2
6 975541011170 2
6 975541011176 2
6 975541011178 2
6 975541011184 2
6 975541011186 2
6 975541011192 2
6 975541011194 2
6 975541011200 4
6 975541011202 2
6 975541011208 8
6 975541011210 2
6 975541011216 4
6 975541011218 2
6 975541011224 61
6 975541011226 2
6 975541011232 2
6 975541011234 2
6 975541011240 2
6 975541011242 2
6 975541011248 2
6 975541011250 49
6 975541011256 2
6 975541011258 2
6 975541011264 2
6 975541011266 2
6 975541011272 2
6 975541011274 2
6 975541011280 3
6 975541011282 2
6 975541011288 26
6 975541011290 7
6 975541011296 11
6 975541011298 2
6 975541011304 4
6 975541011306 2
6 975541011312 10
6 975541011314 142
6 975541011320 3
6 975541011322 2
6 975541011328 6
6 975541011331 2
6 975541011336 2
6 975541011339 2
6 975541011344 4
6 975541011347 2
6 975541011352 2
6 975541011355 2
6 975541011360 2
6 975541011363 2
6 975541011368 2
6 975541011371 2
6 975541011376 2
6 975541011379 2
6 975541011384 2
6 975541011387 2
6 975541011392 4
6 975541011395 2
6 975541011400 9
6 975541011403 2
6 975541011408 2
6 975541011411 2
6 975541011416 2
6 975541011419 2
6 975541011424 26
6 975541011427 2
6 975541011432 2
6 975541011435 2
6 975541011440 2
6 975541011443 2
6 975541011448 2
6 975541011451 2
6 975541011456 2
6 975541011459 2
6 975541011464 2
6 975541011467 2
6 975541011472 2
6 975541011475 2
6 975541011480 2
6 975541011483 2
6 975541011488 2
6 975541011491 2
6 975541011496 2
6 975541011499 2
6 975541011504 2
6 975541011507 2
6 975541011512 2
6 975541011515 2
6 975541011520 2
6 975541011523 2
6 975541011528 2
6 975541011531 2
6 975541011536 2
6 975541011539 2
6 975541011544 2
6 975541011547 2
6 975541011552 2
6 975541011555 2
6 975541011560 2
6 975541011563 2
6 975541011568 2
6 975541011571 2
6 975541011576 2
6 975541011579 2
6 975541011712 2
6 975541011717 2
6 975541011720 2
6 975541011725 2
6 975541011728 2
6 975541011733 2
6 975541011736 2
6 975541011741 2
6 975541011744 2
6 975541011749 2
6 975541011752 2
6 975541011757 2
6 975541011760 2
6 975541011765 2
6 975541011768 2
6 975541011773 2
6 975541011776 2
6 975541011781 2
6 975541011784 2
6 975541011789 2
6 975541011792 2
6 975541011797 2
6 975541011800 2
6 975541011805 2
6 975541011808 2
6 975541011813 2
6 975541011816 2
6 975541011821 2
6 975541011824 2
6 975541011829 2
6 975541011832 2
6 975541011837 2
6 975541011968 2
6 975541011969 2
6 975541011976 2
6 975541011977 2
6 975541011984 2
6 975541011985 2
6 975541011992 2
6 975541011993 2
6 975541012000 2
6 975541012001 2
6 975541012008 2
6 975541012009 2
6 975541012016 2
6 975541012017 2
6 975541012024 2
6 975541012025 2
6 975541012032 2
6 975541012033 2
6 975541012040 2
6 975541012041 2
6 975541012048 2
6 975541012049 2
6 975541012056 2
6 975541012057 2
6 975541012064 2
6 975541012065 2
6 975541012072 2
6 975541012073 2
6 975541012080 2
6 975541012081 2
6 975541012088 2
6 975541012089 2
6 975541012096 8
6 975541012097 2
6 975541012098 4
6 975541012101 2
6 975541012104 8
6 975541012105 2
6 975541012106 4
6 975541012109 2
6 975541012112 8
6 975541012113 2
6 975541012114 4
6 975541012117 2
6 975541012120 8
6 975541012121 2
6 975541012122 4
6 975541012125 2
6 975541012128 8
6 975541012129 2
6 975541012130 4
6 975541012133 2
6 975541012136 8
6 975541012137 2
6 975541012138 4
6 975541012141 2
6 975541012144 8
6 975541012145 2
6 975541012146 4
6 975541012149 2
6 975541012152 8
6 975541012153 2
6 975541012154 4
6 975541012157 2
6 975541012160 8
6 975541012161 2
6 975541012162 4
6 975541012165 2
6 975541012168 8
6 975541012169 2
6 975541012170 4
6 975541012173 2
6 975541012176 8
6 975541012177 2
6 975541012178 4
6 975541012181 2
6 975541012184 8
6 975541012185 2
6 975541012186 4
6 975541012189 2
6 975541012192 8
6 975541012193 2
6 975541012194 4
6 975541012197 2
6 975541012200 8
6 975541012201 2
6 975541012202 4
6 975541012205 2
6 975541012208 8
6 975541012209 2
6 975541012210 4
6 975541012213 2
6 975541012216 8
6 975541012217 2
6 975541012218 32
6 975541012221 2
8 975541010689 2
8 975541010693 2
8 975541010697 2
8 975541010701 2
8 975541010705 2
8 975541010709 2
8 975541010713 2
8 975541010717 2
8 975541010721 2
8 975541010725 2
8 975541010729 2
8 975541010733 2
8 975541010737 2
8 975541010741 2
8 975541010745 2
8 975541010749 2
8 975541010753 2
8 975541010757 2
8 975541010761 2
8 975541010765 2
8 975541010769 2
8 975541010773 2
8 975541010777 2
8 975541010781 2
8 975541010785 2
8 975541010789 2
8 975541010793 2
8 975541010797 2
8 975541010801 2
8 975541010805 2
8 975541010809 2
8 975541010813 2
8 975541011841 2
8 975541011849 2
8 975541011857 2
8 975541011865 2
8 975541011873 2
8 975541011881 2
8 975541011889 2
8 975541011897 2
8 975541011905 2
8 975541011913 2
8 975541011921 2
8 975541011929 2
8 975541011937 2
8 975541011945 2
8 975541011953 2
8 975541011961 2
9 975541010689 2
9 975541010690 2
9 975541010691 6
9 975541010692 4
9 975541010693 4
9 975541010694 2
9 975541010695 2
9 975541010697 2
9 975541010698 2
9 975541010699 6
9 975541010700 4
9 975541010701 4
9 975541010702 2
9 975541010703 2
9 975541010705 2
9 975541010706 2
9 975541010707 6
9 975541010708 4
9 975541010709 4
9 975541010710 2
9 975541010711 2
9 975541010713 2
9 975541010714 2
9 975541010715 6
9 975541010716 4
9 975541010717 4
9 975541010718 2
9 975541010719 2
9 975541010721 2
9 975541010722 2
9 975541010723 6
9 975541010724 4
9 975541010725 4
9 975541010726 2
9 975541010727 2
9 975541010729 2
9 975541010730 2
9 975541010731 6
9 975541010732 4
9 975541010733 4
9 975541010734 2
9 975541010735 2
9 975541010737 2
9 975541010738 2
9 975541010739 6
9 975541010740 153
9 975541010741 4
9 975541010742 2
9 975541010743 2
9 975541010745 2
9 975541010746 2
9 975541010747 6
9 975541010748 4
9 975541010749 4
9 975541010750 2
9 975541010751 2
9 975541010753 2
9 975541010754 2
9 975541010755 6
9 975541010756 4
9 975541010757 4
9 975541010758 2
9 975541010759 2
9 975541010761 2
9 975541010762 2
9 975541010763 6
9 975541010764 4
9 975541010765 4
9 975541010766 2
9 975541010767 2
9 975541010769 2
9 975541010770 2
9 975541010771 6
9 975541010772 4
9 975541010773 8
9 975541010774 2
9 975541010775 2
9 975541010777 2
9 975541010778 2
9 975541010779 6
9 975541010780 4
9 975541010781 4
9 975541010782 2
9 975541010783 2
9 975541010785 2
9 975541010786 2
9 975541010787 6
9 975541010788 4
9 975541010789 4
9 975541010790 2
9 975541010791 2
9 975541010793 2
9 975541010794 2
9 975541010795 6
9 975541010796 4
9 975541010797 4
9 975541010798 2
9 975541010799 2
9 975541010801 2
9 975541010802 2
9 975541010803 6
9 975541010804 4
9 975541010805 4
9 975541010806 2
9 975541010807 2
9 975541010809 2
9 975541010810 2
9 975541010811 6
9 975541010812 4
9 975541010813 4
9 975541010814 2
9 975541010815 2
9 975541010817 2
9 975541010822 2
9 975541010825 2
9 975541010830 2
9 975541010833 2
9 975541010838 2
9 975541010841 2
9 975541010846 2
9 975541010849 2
9 975541010854 2
9 975541010857 2
9 975541010862 2
9 975541010865 2
9 975541010870 2
9 975541010873 2
9 975541010878 2
9 975541010881 2
9 975541010886 2
9 975541010889 2
9 975541010894 2
9 975541010897 2
9 975541010902 2
9 975541010905 2
9 975541010910 2
9 975541010913 2
9 975541010918 2
9 975541010921 2
9 975541010926 2
9 975541010929 2
9 975541010934 2
9 975541010937 2
9 975541010942 2
9 975541010945 2
9 975541010951 2
9 975541010953 2
9 975541010959 2
9 975541010961 2
9 975541010967 2
9 975541010969 2
9 975541010975 2
9 975541010977 2
9 975541010983 2
9 975541010985 2
9 975541010991 2
9 975541010993 2
9 975541010999 2
9 975541011001 2
9 975541011007 2
9 975541011009 2
9 975541011015 2
9 975541011017 2
9 975541011023 2
9 975541011025 2
9 975541011031 2
9 975541011033 2
9 975541011039 2
9 975541011041 2
9 975541011047 104
9 975541011049 2
9 975541011055 2
9 975541011057 2
9 975541011063 15
9 975541011065 2
9 975541011071 2
9 975541011201 2
9 975541011202 2
9 975541011209 2
9 975541011210 2
9 975541011217 2
9 975541011218 2
9 975541011225 2
9 975541011226 2
9 975541011233 2
9 975541011234 2
9 975541011241 2
9 975541011242 3
9 975541011249 2
9 975541011250 2
9 975541011257 2
9 975541011258 2
9 975541011265 2
9 975541011266 2
9 975541011273 2
9 975541011274 2
9 975541011281 2
9 975541011282 2
9 975541011289 2
9 975541011290 2
9 975541011297 2
9 975541011298 2
9 975541011305 2
9 975541011306 2
9 975541011313 2
9 975541011314 2
9 975541011321 2
9 975541011322 2
9 975541011329 2
9 975541011331 2
9 975541011337 2
9 975541011339 2
9 975541011345 2
9 975541011347 2
9 975541011353 2
9 975541011355 2
9 975541011361 2
9 975541011363 2
9 975541011369 2
9 975541011371 2
9 975541011377 2
9 975541011379 2
9 975541011385 2
9 975541011387 2
9 975541011393 2
9 975541011395 2
9 975541011401 2
9 975541011403 2
9 975541011409 2
9 975541011411 2
9 975541011417 2
9 975541011419 2
9 975541011425 2
9 975541011427 2
9 975541011433 16
9 975541011435 2
9 975541011441 2
9 975541011443 2
9 975541011449 2
9 975541011451 2
9 975541011457 139
9 975541011460 2
9 975541011465 2
9 975541011468 2
9 975541011473 2
9 975541011476 2
9 975541011481 2
9 975541011484 2
9 975541011489 31
9 975541011492 2
9 975541011497 2
9 975541011500 2
9 975541011505 2
9 975541011508 2
9 975541011513 2
9 975541011516 2
9 975541011521 2
9 975541011524 2
9 975541011529 2
9 975541011532 2
9 975541011537 2
9 975541011540 2
9 975541011545 2
9 975541011548 2
9 975541011553 2
9 975541011556 2
9 975541011561 2
9 975541011564 2
9 975541011569 2
9 975541011572 2
9 975541011577 13
9 975541011580 2
9 975541011585 183
9 975541011589 2
9 975541011593 2
9 975541011597 2
9 975541011601 2
9 975541011605 2
9 975541011609 2
9 975541011613 2
9 975541011617 2
9 975541011621 2
9 975541011625 2
9 975541011629 2
9 975541011633 2
9 975541011637 2
9 975541011641 2
9 975541011645 45
9 975541011649 2
9 975541011653 2
9 975541011657 2
9 975541011661 2
9 975541011665 2
9 975541011669 2
9 975541011673 2
9 975541011677 2
9 975541011681 2
9 975541011685 2
9 975541011689 2
9 975541011693 2
9 975541011697 2
9 975541011701 2
9 975541011705 2
9 975541011709 348
9 975541011713 2
9 975541011715 2
9 975541011721 2
9 975541011723 2
9 975541011729 2
9 975541011731 2
9 975541011737 2
9 975541011739 2
9 975541011745 2
9 975541011747 2
9 975541011753 2
9 975541011755 2
9 975541011761 2
9 975541011763 2
9 975541011769 2
9 975541011771 2
9 975541011777 2
9 975541011779 2
9 975541011785 2
9 975541011787 2
9 975541011793 2
9 975541011795 2
9 975541011801 2
9 975541011803 2
9 975541011809 2
9 975541011811 2
9 975541011817 2
9 975541011819 2
9 975541011825 2
9 975541011827 2
9 975541011833 2
9 975541011835 2
9 975541012097 6
9 975541012099 2
9 975541012100 2
9 975541012101 2
9 975541012105 6
9 975541012107 2
9 975541012108 2
9 975541012109 2
9 975541012113 6
9 975541012115 2
9 975541012116 2
9 975541012117 2
9 975541012121 6
9 975541012123 2
9 975541012124 2
9 975541012125 2
9 975541012129 6
9 975541012131 2
9 975541012132 2
9 975541012133 2
9 975541012137 6
9 975541012139 2
9 975541012140 2
9 975541012141 2
9 975541012145 6
9 975541012147 2
9 975541012148 2
9 975541012149 2
9 975541012153 6
9 975541012155 2
9 975541012156 2
9 975541012157 2
9 975541012161 6
9 975541012163 2
9 975541012164 2
9 975541012165 2
9 975541012169 6
9 975541012171 2
9 975541012172 2
9 975541012173 2
9 975541012177 6
9 975541012179 2
9 975541012180 2
9 975541012181 2
9 975541012185 6
9 975541012187 2
9 975541012188 2
9 975541012189 2
9 975541012193 6
9 975541012195 2
9 975541012196 2
9 975541012197 2
9 975541012201 6
9 975541012203 2
9 975541012204 2
9 975541012205 2
9 975541012209 6
9 975541012211 2
9 975541012212 2
9 975541012213 2
9 975541012217 6
9 975541012219 2
9 975541012220 2
9 975541012221 2
9 975541012225 4
9 975541012233 4
9 975541012241 4
9 975541012249 4
9 975541012257 4
9 975541012265 4
9 975541012273 4
9 975541012281 4
9 975541012289 4
9 975541012297 4
9 975541012305 4
9 975541012313 4
9 975541012321 4
9 975541012329 4
9 975541012337 4
9 975541012345 4
10 975541010817 2
10 975541010825 2
10 975541010833 2
10 975541010841 2
10 975541010849 2
10 975541010857 2
10 975541010865 2
10 975541010873 2
10 975541010881 2
10 975541010889 2
10 975541010897 2
10 975541010905 2
10 975541010913 2
10 975541010921 2
10 975541010929 2
10 975541010937 2
12 975541010819 9
12 975541010820 4
12 975541010821 4
12 975541010822 4
12 975541010823 6
12 975541010827 17
12 975541010828 4
12 975541010829 4
12 975541010830 4
12 975541010831 6
12 975541010835 6
12 975541010836 4
12 975541010837 4
12 975541010838 4
12 975541010839 6
12 975541010843 6
12 975541010844 4
12 975541010845 4
12 975541010846 4
12 975541010847 6
12 975541010851 6
12 975541010852 6
12 975541010853 4
12 975541010854 4
12 975541010855 6
12 975541010859 6
12 975541010860 6
12 975541010861 4
12 975541010862 4
12 975541010863 6
12 975541010867 40
12 975541010868 4
12 975541010869 4
12 975541010870 4
12 975541010871 6
12 975541010875 13
12 975541010876 26
12 975541010877 4
12 975541010878 4
12 975541010879 6
12 975541010883 6
12 975541010884 4
12 975541010885 4
12 975541010886 4
12 975541010887 6
12 975541010891 30
12 975541010892 17
12 975541010893 4
12 975541010894 4
12 975541010895 6
12 975541010899 14
12 975541010900 8
12 975541010901 4
12 975541010902 9
12 975541010903 11
12 975541010907 6
12 975541010908 6
12 975541010909 4
12 975541010910 4
12 975541010911 14
12 975541010915 9
12 975541010916 4
12 975541010917 4
12 975541010918 5
12 975541010919 6
12 975541010923 6
12 975541010924 4
12 975541010925 4
12 975541010926 6
12 975541010927 10
12 975541010931 24
12 975541010932 4
12 975541010933 4
12 975541010934 4
12 975541010935 12
12 975541010939 41
12 975541010940 6
12 975541010941 4
12 975541010942 4
12 975541010943 6
12 975541010945 6
12 975541010947 2
12 975541010953 2
12 975541010955 2
12 975541010961 2
12 975541010963 2
12 975541010969 2
12 975541010971 2
12 975541010977 2
12 975541010979 2
12 975541010985 2
12 975541010987 2
12 975541010993 2
12 975541010995 2
12 975541011001 2
12 975541011003 2
12 975541011009 2
12 975541011011 2
12 975541011017 2
12 975541011019 2
12 975541011025 2
12 975541011027 2
12 975541011033 2
12 975541011035 2
12 975541011041 2
12 975541011043 2
12 975541011049 2
12 975541011051 2
12 975541011057 2
12 975541011059 2
12 975541011065 2
12 975541011067 2
12 975541011073 2
12 975541011076 2
12 975541011081 2
12 975541011084 2
12 975541011089 2
12 975541011092 12
12 975541011097 2
12 975541011100 7
12 975541011105 2
12 975541011108 67
12 975541011113 2
12 975541011116 3
12 975541011121 2
12 975541011124 9
12 975541011129 2
12 975541011132 2
12 975541011137 2
12 975541011140 2
12 975541011145 2
12 975541011148 2
12 975541011153 2
12 975541011156 2
12 975541011161 2
12 975541011164 2
12 975541011169 2
12 975541011172 2
12 975541011177 2
12 975541011180 2
12 975541011185 2
12 975541011188 2
12 975541011193 2
12 975541011196 2
12 975541011201 2
12 975541011206 2
12 975541011209 2
12 975541011214 2
12 975541011217 2
12 975541011222 2
12 975541011225 2
12 975541011230 2
12 975541011233 2
12 975541011238 2
12 975541011241 2
12 975541011246 2
12 975541011249 2
12 975541011254 2
12 975541011257 2
12 975541011262 2
12 975541011265 2
12 975541011270 2
12 975541011273 2
12 975541011278 2
12 975541011281 3
12 975541011286 2
12 975541011289 2
12 975541011294 2
12 975541011297 2
12 975541011302 2
12 975541011305 8
12 975541011310 2
12 975541011313 2
12 975541011318 2
12 975541011321 2
12 975541011326 2
12 975541011329 2
12 975541011335 2
12 975541011337 2
12 975541011343 2
12 975541011345 9
12 975541011351 2
12 975541011353 2
12 975541011359 2
12 975541011361 2
12 975541011367 2
12 975541011369 2
12 975541011375 2
12 975541011377 2
12 975541011383 2
12 975541011385 2
12 975541011391 2
12 975541011393 2
12 975541011399 2
12 975541011401 2
12 975541011407 2
12 975541011409 2
12 975541011415 2
12 975541011417 2
12 975541011423 2
12 975541011425 3
12 975541011431 2
12 975541011433 2
12 975541011439 2
12 975541011441 2
12 975541011447 2
12 975541011449 2
12 975541011455 2
12 975541011585 2
12 975541011587 2
12 975541011593 2
12 975541011595 2
12 975541011601 7
12 975541011603 2
12 975541011609 2
12 975541011611 2
12 975541011617 5
12 975541011619 2
12 975541011625 2
12 975541011627 2
12 975541011633 2
12 975541011635 2
12 975541011641 3
12 975541011643 2
12 975541011649 2
12 975541011651 2
12 975541011657 2
12 975541011659 2
12 975541011665 2
12 975541011667 2
12 975541011673 2
12 975541011675 2
12 975541011681 7
12 975541011683 2
12 975541011689 7
12 975541011691 2
12 975541011697 8
12 975541011699 2
12 975541011705 4
12 975541011707 2
12 975541011713 2
12 975541011716 2
12 975541011721 2
12 975541011724 2
12 975541011729 2
12 975541011732 2
12 975541011737 8
12 975541011740 2
12 975541011745 2
12 975541011748 2
12 975541011753 2
12 975541011756 2
12 975541011761 2
12 975541011764 2
12 975541011769 2
12 975541011772 2
12 975541011777 3
12 975541011780 2
12 975541011785 2
12 975541011788 2
12 975541011793 2
12 975541011796 2
12 975541011801 19
12 975541011804 2
12 975541011809 2
12 975541011812 2
12 975541011817 2
12 975541011820 2
12 975541011825 2
12 975541011828 2
12 975541011833 2
12 975541011836 2
12 975541011841 4
12 975541011845 2
12 975541011847 2
12 975541011849 4
12 975541011853 2
12 975541011855 2
12 975541011857 4
12 975541011861 2
12 975541011863 2
12 975541011865 4
12 975541011869 2
12 975541011871 2
12 975541011873 4
12 975541011877 2
12 975541011879 2
12 975541011881 4
12 975541011885 2
12 975541011887 2
12 975541011889 4
12 975541011893 2
12 975541011895 2
12 975541011897 4
12 975541011901 2
12 975541011903 2
12 975541011905 4
12 975541011909 2
12 975541011911 2
12 975541011913 4
12 975541011917 2
12 975541011919 2
12 975541011921 4
12 975541011925 2
12 975541011927 2
12 975541011929 4
12 975541011933 2
12 975541011935 2
12 975541011937 4
12 975541011941 2
12 975541011943 2
12 975541011945 4
12 975541011949 2
12 975541011951 2
12 975541011953 4
12 975541011957 2
12 975541011959 2
12 975541011961 4
12 975541011965 2
12 975541011967 2
12 975541011969 4
12 975541011973 2
12 975541011975 2
12 975541011977 4
12 975541011981 2
12 975541011983 2
12 975541011985 4
12 975541011989 2
12 975541011991 2
12 975541011993 4
12 975541011997 2
12 975541011999 2
12 975541012001 4
12 975541012005 2
12 975541012007 2
12 975541012009 4
12 975541012013 2
12 975541012015 2
12 975541012017 4
12 975541012021 2
12 975541012023 2
12 975541012025 4
12 975541012029 2
12 975541012031 2
12 975541012033 4
12 975541012037 2
12 975541012039 2
12 975541012041 4
12 975541012045 2
12 975541012047 2
12 975541012049 4
12 975541012053 2
12 975541012055 2
12 975541012057 4
12 975541012061 2
12 975541012063 2
12 975541012065 4
12 975541012069 2
12 975541012071 2
12 975541012073 4
12 975541012077 2
12 975541012079 2
12 975541012081 4
12 975541012085 2
12 975541012087 2
12 975541012089 4
12 975541012093 2
12 975541012095 2
12 975541012097 2
12 975541012102 2
12 975541012105 2
12 975541012110 2
12 975541012113 2
12 975541012118 2
12 975541012121 2
12 975541012126 2
12 975541012129 2
12 975541012134 2
12 975541012137 141
12 975541012142 2
12 975541012145 2
12 975541012150 2
12 975541012153 2
12 975541012158 2
12 975541012161 2
12 975541012166 2
12 975541012169 2
12 975541012174 2
12 975541012177 2
12 975541012182 2
12 975541012185 2
12 975541012190 2
12 975541012193 2
12 975541012198 2
12 975541012201 2
12 975541012206 2
12 975541012209 2
12 975541012214 2
12 975541012217 2
12 975541012222 2
12 975541012225 2
12 975541012227 2
12 975541012233 2
12 975541012235 2
12 975541012241 2
12 975541012243 2
12 975541012249 2
12 975541012251 2
12 975541012257 2
12 975541012259 2
12 975541012265 2
12 975541012267 2
12 975541012273 2
12 975541012275 2
12 975541012281 2
12 975541012283 2
12 975541012289 2
12 975541012291 2
12 975541012297 2
12 975541012299 2
12 975541012305 2
12 975541012307 2
12 975541012313 2
12 975541012315 2
12 975541012321 2
12 975541012323 2
12 975541012329 2
12 975541012331 2
12 975541012337 2
12 975541012339 2
12 975541012345 2
12 975541012347 2
14 975541010946 2
14 975541010950 2
14 975541010954 2
14 975541010958 2
14 975541010962 2
14 975541010966 2
14 975541010970 2
14 975541010974 2
14 975541010978 2
14 975541010982 2
14 975541010986 2
14 975541010990 2
14 975541010994 2
14 975541010998 2
14 975541011002 2
14 975541011006 2
14 975541011010 2
14 975541011014 2
14 975541011018 2
14 975541011022 2
14 975541011026 2
14 975541011030 2
14 975541011034 2
14 975541011038 2
14 975541011042 2
14 975541011046 2
14 975541011050 2
14 975541011054 2
14 975541011058 2
14 975541011062 2
14 975541011066 2
14 975541011070 2
14 975541012098 2
14 975541012106 2
14 975541012114 2
14 975541012122 2
14 975541012130 2
14 975541012138 2
14 975541012146 2
14 975541012154 2
14 975541012162 2
14 975541012170 2
14 975541012178 2
14 975541012186 2
14 975541012194 2
14 975541012202 2
14 975541012210 2
14 975541012218 2
15 975541010947 4
15 975541010949 24
15 975541010950 2
15 975541010951 6
15 975541010955 4
15 975541010957 4
15 975541010958 2
15 975541010959 11
15 975541010963 4
15 975541010965 4
15 975541010966 2
15 975541010967 6
15 975541010971 29
15 975541010973 4
15 975541010974 2
15 975541010975 6
15 975541010979 4
15 975541010981 4
15 975541010982 2
15 975541010983 6
15 975541010987 4
15 975541010989 4
15 975541010990 2
15 975541010991 6
15 975541010995 4
15 975541010997 17
15 975541010998 2
15 975541010999 6
15 975541011003 4
15 975541011005 4
15 975541011006 2
15 975541011007 6
15 975541011011 12
15 975541011013 17
15 975541011014 2
15 975541011015 7
15 975541011019 4
15 975541011021 20
15 975541011022 2
15 975541011023 30
15 975541011027 4
15 975541011029 4
15 975541011030 2
15 975541011031 6
15 975541011035 17
15 975541011037 4
15 975541011038 2
15 975541011039 19
15 975541011043 4
15 975541011045 4
15 975541011046 2
15 975541011047 6
15 975541011051 10
15 975541011053 4
15 975541011054 2
15 975541011055 6
15 975541011059 7
15 975541011061 4
15 975541011062 2
15 975541011063 6
15 975541011067 4
15 975541011069 4
15 975541011070 2
15 975541011071 6
15 975541011202 2
15 975541011203 2
15 975541011210 2
15 975541011211 2
15 975541011218 2
15 975541011219 2
15 975541011226 2
15 975541011227 2
15 975541011234 2
15 975541011235 2
15 975541011242 2
15 975541011243 2
15 975541011250 2
15 975541011251 2
15 975541011258 2
15 975541011259 2
15 975541011266 2
15 975541011267 2
15 975541011274 2
15 975541011275 2
15 975541011282 2
15 975541011283 2
15 975541011290 2
15 975541011291 2
15 975541011298 2
15 975541011299 2
15 975541011306 2
15 975541011307 2
15 975541011314 2
15 975541011315 2
15 975541011322 2
15 975541011323 2
15 975541011330 2
15 975541011333 2
15 975541011338 2
15 975541011341 2
15 975541011346 2
15 975541011349 2
15 975541011354 2
15 975541011357 2
15 975541011362 2
15 975541011365 2
15 975541011370 2
15 975541011373 2
15 975541011378 2
15 975541011381 2
15 975541011386 2
15 975541011389 2
15 975541011394 61
15 975541011397 2
15 975541011402 24
15 975541011405 2
15 975541011410 2
15 975541011413 2
15 975541011418 2
15 975541011421 2
15 975541011426 2
15 975541011429 2
15 975541011434 2
15 975541011437 2
15 975541011442 18
15 975541011445 2
15 975541011450 2
15 975541011453 2
15 975541011458 46
15 975541011463 2
15 975541011466 2
15 975541011471 2
15 975541011474 2
15 975541011479 2
15 975541011482 2
15 975541011487 2
15 975541011490 2
15 975541011495 2
15 975541011498 2
15 975541011503 2
15 975541011506 2
15 975541011511 2
15 975541011514 2
15 975541011519 2
15 975541011522 8
15 975541011527 2
15 975541011530 7
15 975541011535 2
15 975541011538 8
15 975541011543 2
15 975541011546 2
15 975541011551 2
15 975541011554 2
15 975541011559 2
15 975541011562 2
15 975541011567 2
15 975541011570 2
15 975541011575 2
15 975541011578 2
15 975541011583 2
15 975541011714 4
15 975541011715 2
15 975541011722 2
15 975541011723 2
15 975541011730 4
15 975541011731 2
15 975541011738 5
15 975541011739 2
15 975541011746 12
15 975541011747 2
15 975541011754 8
15 975541011755 2
15 975541011762 2
15 975541011763 2
15 975541011770 2
15 975541011771 2
15 975541011778 2
15 975541011779 2
15 975541011786 2
15 975541011787 2
15 975541011794 18
15 975541011795 2
15 975541011802 3
15 975541011803 2
15 975541011810 8
15 975541011811 2
15 975541011818 12
15 975541011819 2
15 975541011826 2
15 975541011827 2
15 975541011834 2
15 975541011835 2
15 975541011842 2
15 975541011845 2
15 975541011850 2
15 975541011853 2
15 975541011858 2
15 975541011861 2
15 975541011866 2
15 975541011869 2
15 975541011874 18
15 975541011877 2
15 975541011882 8
15 975541011885 2
15 975541011890 2
15 975541011893 2
15 975541011898 2
15 975541011901 2
15 975541011906 7
15 975541011909 2
15 975541011914 2
15 975541011917 2
15 975541011922 2
15 975541011925 2
15 975541011930 2
15 975541011933 2
15 975541011938 3
15 975541011941 2
15 975541011946 2
15 975541011949 2
15 975541011954 2
15 975541011957 2
15 975541011962 2
15 975541011965 2
15 975541011970 2
15 975541011975 2
15 975541011978 2
15 975541011983 2
15 975541011986 2
15 975541011991 2
15 975541011994 2
15 975541011999 2
15 975541012002 2
15 975541012007 2
15 975541012010 2
15 975541012015 2
15 975541012018 2
15 975541012023 2
15 975541012026 2
15 975541012031 2
15 975541012034 238
15 975541012039 2
15 975541012042 2
15 975541012047 2
15 975541012050 2
15 975541012055 2
15 975541012058 2
15 975541012063 2
15 975541012066 2
15 975541012071 2
15 975541012074 2
15 975541012079 2
15 975541012082 2
15 975541012087 2
15 975541012090 2
15 975541012095 2
15 975541012098 2
15 975541012102 2
15 975541012106 2
15 975541012110 2
15 975541012114 2
15 975541012118 2
15 975541012122 2
15 975541012126 2
15 975541012130 2
15 975541012134 2
15 975541012138 2
15 975541012142 2
15 975541012146 2
15 975541012150 2
15 975541012154 2
15 975541012158 2
15 975541012162 2
15 975541012166 2
15 975541012170 2
15 975541012174 2
15 975541012178 2
15 975541012182 2
15 975541012186 2
15 975541012190 2
15 975541012194 2
15 975541012198 2
15 975541012202 2
15 975541012206 2
15 975541012210 2
15 975541012214 2
15 975541012218 2
15 975541012222 2
15 975541012226 2
15 975541012231 2
15 975541012234 2
15 975541012239 2
15 975541012242 2
15 975541012247 2
15 975541012250 2
15 975541012255 2
15 975541012258 2
15 975541012263 2
15 975541012266 2
15 975541012271 2
15 975541012274 2
15 975541012279 2
15 975541012282 2
15 975541012287 2
15 975541012290 2
15 975541012295 2
15 975541012298 2
15 975541012303 2
15 975541012306 2
15 975541012311 2
15 975541012314 2
15 975541012319 2
15 975541012322 2
15 975541012327 2
15 975541012330 2
15 975541012335 2
15 975541012338 2
15 975541012343 2
15 975541012346 2
15 975541012351 2
17 975541011074 2
17 975541011077 2
17 975541011082 2
17 975541011085 2
17 975541011090 2
17 975541011093 2
17 975541011098 2
17 975541011101 2
17 975541011106 2
17 975541011109 2
17 975541011114 2
17 975541011117 2
17 975541011122 2
17 975541011125 2
17 975541011130 2
17 975541011133 2
17 975541011138 2
17 975541011141 2
17 975541011146 2
17 975541011149 2
17 975541011154 2
17 975541011157 2
17 975541011162 2
17 975541011165 2
17 975541011170 2
17 975541011173 2
17 975541011178 2
17 975541011181 2
17 975541011186 2
17 975541011189 2
17 975541011194 2
17 975541011197 2
17 975541011714 2
17 975541011722 2
17 975541011730 2
17 975541011738 2
17 975541011746 2
17 975541011754 2
17 975541011762 2
17 975541011770 2
17 975541011778 2
17 975541011786 2
17 975541011794 2
17 975541011802 2
17 975541011810 2
17 975541011818 2
17 975541011826 2
17 975541011834 2
18 975541011077 6
18 975541011079 6
18 975541011085 6
18 975541011087 6
18 975541011093 12
18 975541011095 6
18 975541011101 6
18 975541011103 6
18 975541011109 6
18 975541011111 6
18 975541011117 29
18 975541011119 6
18 975541011125 6
18 975541011127 6
18 975541011133 10
18 975541011135 6
18 975541011141 6
18 975541011143 13
18 975541011149 28
18 975541011151 41
18 975541011157 13
18 975541011159 6
18 975541011165 12
18 975541011167 17
18 975541011173 6
18 975541011175 6
18 975541011181 6
18 975541011183 6
18 975541011189 6
18 975541011191 6
18 975541011197 6
18 975541011199 13
18 975541011202 46
18 975541011207 2
18 975541011210 2
18 975541011215 2
18 975541011218 2
18 975541011223 2
18 975541011226 2
18 975541011231 2
18 975541011234 2
18 975541011239 2
18 975541011242 2
18 975541011247 2
18 975541011250 2
18 975541011255 2
18 975541011258 2
18 975541011263 2
18 975541011266 2
18 975541011271 2
18 975541011274 2
18 975541011279 2
18 975541011282 2
18 975541011287 2
18 975541011290 2
18 975541011295 2
18 975541011298 2
18 975541011303 2
18 975541011306 2
18 975541011311 2
18 975541011314 2
18 975541011319 2
18 975541011322 2
18 975541011327 2
18 975541011458 2
18 975541011461 2
18 975541011466 2
18 975541011469 2
18 975541011474 2
18 975541011477 2
18 975541011482 2
18 975541011485 2
18 975541011490 2
18 975541011493 2
18 975541011498 2
18 975541011501 2
18 975541011506 2
18 975541011509 2
18 975541011514 2
18 975541011517 2
18 975541011522 2
18 975541011525 2
18 975541011530 2
18 975541011533 2
18 975541011538 2
18 975541011541 2
18 975541011546 2
18 975541011549 2
18 975541011554 2
18 975541011557 2
18 975541011562 2
18 975541011565 2
18 975541011570 2
18 975541011573 2
18 975541011578 2
18 975541011581 2
18 975541011586 4
18 975541011591 2
18 975541011594 4
18 975541011599 2
18 975541011602 2
18 975541011607 2
18 975541011610 2
18 975541011615 2
18 975541011618 2
18 975541011623 2
18 975541011626 2
18 975541011631 2
18 975541011634 2
18 975541011639 2
18 975541011642 2
18 975541011647 2
18 975541011650 2
18 975541011655 2
18 975541011658 2
18 975541011663 2
18 975541011666 2
18 975541011671 2
18 975541011674 2
18 975541011679 2
18 975541011682 2
18 975541011687 2
18 975541011690 2
18 975541011695 2
18 975541011698 2
18 975541011703 2
18 975541011706 2
18 975541011711 2
18 975541011842 15
18 975541011845 2
18 975541011850 14
18 975541011853 2
18 975541011858 30
18 975541011861 2
18 975541011866 7
18 975541011869 2
18 975541011874 2
18 975541011877 2
18 975541011882 2
18 975541011885 2
18 975541011890 2
18 975541011893 2
18 975541011898 2
18 975541011901 2
18 975541011906 2
18 975541011909 2
18 975541011914 4
18 975541011917 2
18 975541011922 11
18 975541011925 2
18 975541011930 8
18 975541011933 2
18 975541011938 2
18 975541011941 2
18 975541011946 2
18 975541011949 2
18 975541011954 2
18 975541011957 2
18 975541011962 2
18 975541011965 2
18 975541011970 2
18 975541011975 2
18 975541011978 2
18 975541011983 2
18 975541011986 5
18 975541011991 2
18 975541011994 10
18 975541011999 2
18 975541012002 4
18 975541012007 2
18 975541012010 4
18 975541012015 2
18 975541012018 2
18 975541012023 2
18 975541012026 4
18 975541012031 2
18 975541012034 2
18 975541012039 2
18 975541012042 2
18 975541012047 2
18 975541012050 2
18 975541012055 2
18 975541012058 2
18 975541012063 2
18 975541012066 4
18 975541012071 2
18 975541012074 4
18 975541012079 2
18 975541012082 2
18 975541012087 2
18 975541012090 2
18 975541012095 2
18 975541012226 2
18 975541012229 2
18 975541012234 2
18 975541012237 2
18 975541012242 2
18 975541012245 2
18 975541012250 2
18 975541012253 2
18 975541012258 2
18 975541012261 2
18 975541012266 2
18 975541012269 2
18 975541012274 2
18 975541012277 2
18 975541012282 4
18 975541012285 2
18 975541012290 2
18 975541012293 2
18 975541012298 2
18 975541012301 2
18 975541012306 2
18 975541012309 2
18 975541012314 2
18 975541012317 2
18 975541012322 9
18 975541012325 2
18 975541012330 2
18 975541012333 2
18 975541012338 2
18 975541012341 2
18 975541012346 2
18 975541012349 2
20 975541011203 4
20 975541011211 4
20 975541011219 4
20 975541011227 4
20 975541011235 4
20 975541011243 4
20 975541011251 4
20 975541011259 4
20 975541011267 4
20 975541011275 4
20 975541011283 4
20 975541011291 4
20 975541011299 4
20 975541011307 4
20 975541011315 4
20 975541011323 4
20 975541011331 2
20 975541011339 2
20 975541011347 2
20 975541011355 2
20 975541011363 2
20 975541011371 2
20 975541011379 2
20 975541011387 2
20 975541011395 2
20 975541011403 2
20 975541011411 2
20 975541011419 2
20 975541011427 2
20 975541011435 2
20 975541011443 2
20 975541011451 2
21 975541011203 2
21 975541011205 4
21 975541011206 4
21 975541011211 2
21 975541011213 4
21 975541011214 9
21 975541011219 2
21 975541011221 16
21 975541011222 4
21 975541011227 2
21 975541011229 8
21 975541011230 4
21 975541011235 2
21 975541011237 4
21 975541011238 4
21 975541011243 2
21 975541011245 4
21 975541011246 4
21 975541011251 24
21 975541011253 4
21 975541011254 8
21 975541011259 2
21 975541011261 9
21 975541011262 10
21 975541011267 2
21 975541011269 4
21 975541011270 4
21 975541011275 2
21 975541011277 4
21 975541011278 7
21 975541011283 2
21 975541011285 4
21 975541011286 20
21 975541011291 2
21 975541011293 4
21 975541011294 7
21 975541011299 2
21 975541011301 4
21 975541011302 9
21 975541011307 2
21 975541011309 4
21 975541011310 10
21 975541011315 2
21 975541011317 4
21 975541011318 4
21 975541011323 2
21 975541011325 4
21 975541011326 4
21 975541011331 2
21 975541011334 2
21 975541011339 2
21 975541011342 2
21 975541011347 2
21 975541011350 2
21 975541011355 2
21 975541011358 2
21 975541011363 2
21 975541011366 2
21 975541011371 2
21 975541011374 2
21 975541011379 2
21 975541011382 2
21 975541011387 2
21 975541011390 2
21 975541011395 2
21 975541011398 2
21 975541011403 2
21 975541011406 2
21 975541011411 2
21 975541011414 2
21 975541011419 2
21 975541011422 2
21 975541011427 2
21 975541011430 2
21 975541011435 2
21 975541011438 2
21 975541011443 2
21 975541011446 2
21 975541011451 2
21 975541011454 2
21 975541011587 2
21 975541011589 2
21 975541011595 2
21 975541011597 2
21 975541011603 2
21 975541011605 2
21 975541011611 2
21 975541011613 2
21 975541011619 2
21 975541011621 2
21 975541011627 2
21 975541011629 2
21 975541011635 2
21 975541011637 2
21 975541011643 2
21 975541011645 2
21 975541011651 2
21 975541011653 2
21 975541011659 2
21 975541011661 2
21 975541011667 5
21 975541011669 2
21 975541011675 3
21 975541011677 2
21 975541011683 2
21 975541011685 2
21 975541011691 2
21 975541011693 2
21 975541011699 2
21 975541011701 2
21 975541011707 2
21 975541011709 2
21 975541011843 7
21 975541011851 6
21 975541011859 66
21 975541011867 4
21 975541011875 4
21 975541011883 4
21 975541011891 4
21 975541011899 4
21 975541011907 12
21 975541011915 4
21 975541011923 4
21 975541011931 4
21 975541011939 4
21 975541011947 4
21 975541011955 37
21 975541011963 9
21 975541011971 4
21 975541011974 2
21 975541011979 9
21 975541011982 2
21 975541011987 9
21 975541011990 2
21 975541011995 4
21 975541011998 2
21 975541012003 16
21 975541012006 2
21 975541012011 9
21 975541012014 2
21 975541012019 7
21 975541012022 2
21 975541012027 18
21 975541012030 2
21 975541012035 2
21 975541012038 2
21 975541012043 34
21 975541012046 2
21 975541012051 30
21 975541012054 2
21 975541012059 5
21 975541012062 2
21 975541012067 2
21 975541012070 2
21 975541012075 2
21 975541012078 2
21 975541012083 2
21 975541012086 2
21 975541012091 2
21 975541012094 2
21 975541012227 8
21 975541012229 2
21 975541012235 7
21 975541012237 2
21 975541012243 2
21 975541012245 2
21 975541012251 2
21 975541012253 2
21 975541012259 2
21 975541012261 2
21 975541012267 11
21 975541012269 2
21 975541012275 2
21 975541012277 2
21 975541012283 2
21 975541012285 2
21 975541012291 8
21 975541012293 2
21 975541012299 13
21 975541012301 2
21 975541012307 4
21 975541012309 2
21 975541012315 8
21 975541012317 2
21 975541012323 2
21 975541012325 2
21 975541012331 2
21 975541012333 2
21 975541012339 2
21 975541012341 2
21 975541012347 2
21 975541012349 2
22 975541011331 2
22 975541011339 2
22 975541011347 2
22 975541011355 2
22 975541011363 2
22 975541011371 2
22 975541011379 2
22 975541011387 2
22 975541011395 2
22 975541011403 2
22 975541011411 2
22 975541011419 2
22 975541011427 2
22 975541011435 2
22 975541011443 2
22 975541011451 2
24 975541011333 2
24 975541011334 4
24 975541011335 25
24 975541011341 2
24 975541011342 4
24 975541011343 3
24 975541011349 2
24 975541011350 4
24 975541011351 2
24 975541011357 4
24 975541011358 4
24 975541011359 2
24 975541011365 2
24 975541011366 4
24 975541011367 2
24 975541011373 2
24 975541011374 4
24 975541011375 2
24 975541011381 32
24 975541011382 4
24 975541011383 2
24 975541011389 2
24 975541011390 4
24 975541011391 2
24 975541011397 15
24 975541011398 4
24 975541011399 2
24 975541011405 3
24 975541011406 110
24 975541011407 2
24 975541011413 9
24 975541011414 4
24 975541011415 2
24 975541011421 2
24 975541011422 4
24 975541011423 2
24 975541011429 2
24 975541011430 4
24 975541011431 2
24 975541011437 2
24 975541011438 4
24 975541011439 2
24 975541011445 98
24 975541011446 4
24 975541011447 2
24 975541011453 2
24 975541011454 4
24 975541011455 2
24 975541011459 4
24 975541011463 2
24 975541011467 7
24 975541011471 2
24 975541011475 2
24 975541011479 2
24 975541011483 2
24 975541011487 2
24 975541011491 2
24 975541011495 2
24 975541011499 2
24 975541011503 2
24 975541011507 2
24 975541011511 2
24 975541011515 2
24 975541011519 2
24 975541011523 2
24 975541011527 2
24 975541011531 2
24 975541011535 2
24 975541011539 2
24 975541011543 2
24 975541011547 2
24 975541011551 2
24 975541011555 2
24 975541011559 2
24 975541011563 2
24 975541011567 2
24 975541011571 2
24 975541011575 2
24 975541011579 2
24 975541011583 2
24 975541011715 2
24 975541011718 2
24 975541011723 2
24 975541011726 2
24 975541011731 2
24 975541011734 2
24 975541011739 2
24 975541011742 2
24 975541011747 2
24 975541011750 2
24 975541011755 2
24 975541011758 2
24 975541011763 2
24 975541011766 2
24 975541011771 2
24 975541011774 2
24 975541011779 2
24 975541011782 2
24 975541011787 2
24 975541011790 2
24 975541011795 2
24 975541011798 2
24 975541011803 2
24 975541011806 2
24 975541011811 2
24 975541011814 2
24 975541011819 2
24 975541011822 2
24 975541011827 2
24 975541011830 2
24 975541011835 2
24 975541011838 2
24 975541011971 2
24 975541011974 2
24 975541011979 2
24 975541011982 2
24 975541011987 2
24 975541011990 2
24 975541011995 2
24 975541011998 2
24 975541012003 2
24 975541012006 2
24 975541012011 2
24 975541012014 2
24 975541012019 2
24 975541012022 2
24 975541012027 2
24 975541012030 2
24 975541012035 7
24 975541012038 2
24 975541012043 2
24 975541012046 2
24 975541012051 2
24 975541012054 2
24 975541012059 2
24 975541012062 2
24 975541012067 2
24 975541012070 2
24 975541012075 2
24 975541012078 2
24 975541012083 2
24 975541012086 2
24 975541012091 2
24 975541012094 2
24 975541012227 9
24 975541012229 2
24 975541012235 4
24 975541012237 2
24 975541012243 4
24 975541012245 2
24 975541012251 10
24 975541012253 2
24 975541012259 2
24 975541012261 2
24 975541012267 2
24 975541012269 2
24 975541012275 2
24 975541012277 2
24 975541012283 57
24 975541012285 2
24 975541012291 2
24 975541012293 2
24 975541012299 5
24 975541012301 2
24 975541012307 2
24 975541012309 2
24 975541012315 2
24 975541012317 2
24 975541012323 2
24 975541012325 2
24 975541012331 2
24 975541012333 2
24 975541012339 2
24 975541012341 2
24 975541012347 2
24 975541012349 2
26 975541011460 2
26 975541011461 2
26 975541011468 2
26 975541011469 2
26 975541011476 2
26 975541011477 2
26 975541011484 2
26 975541011485 2
26 975541011492 2
26 975541011493 2
26 975541011500 2
26 975541011501 2
26 975541011508 2
26 975541011509 2
26 975541011516 2
26 975541011517 2
26 975541011524 2
26 975541011525 2
26 975541011532 2
26 975541011533 2
26 975541011540 2
26 975541011541 2
26 975541011548 2
26 975541011549 2
26 975541011556 2
26 975541011557 2
26 975541011564 2
26 975541011565 2
26 975541011572 2
26 975541011573 2
26 975541011580 2
26 975541011581 2
26 975541011716 2
26 975541011724 2
26 975541011732 2
26 975541011740 2
26 975541011748 2
26 975541011756 2
26 975541011764 2
26 975541011772 2
26 975541011780 2
26 975541011788 2
26 975541011796 2
26 975541011804 2
26 975541011812 2
26 975541011820 2
26 975541011828 2
26 975541011836 2
27 975541011461 2
27 975541011462 4
27 975541011469 2
27 975541011470 4
27 975541011477 2
27 975541011478 4
27 975541011485 2
27 975541011486 4
27 975541011493 2
27 975541011494 4
27 975541011501 2
27 975541011502 4
27 975541011509 2
27 975541011510 4
27 975541011517 2
27 975541011518 4
27 975541011525 2
27 975541011526 4
27 975541011533 2
27 975541011534 4
27 975541011541 2
27 975541011542 4
27 975541011549 2
27 975541011550 4
27 975541011557 2
27 975541011558 4
27 975541011565 2
27 975541011566 4
27 975541011573 2
27 975541011574 4
27 975541011581 2
27 975541011582 4
27 975541011716 2
27 975541011717 2
27 975541011724 2
27 975541011725 2
27 975541011732 2
27 975541011733 2
27 975541011740 2
27 975541011741 2
27 975541011748 2
27 975541011749 2
27 975541011756 2
27 975541011757 2
27 975541011764 2
27 975541011765 2
27 975541011772 2
27 975541011773 2
27 975541011780 2
27 975541011781 2
27 975541011788 2
27 975541011789 2
27 975541011796 2
27 975541011797 2
27 975541011804 2
27 975541011805 2
27 975541011812 2
27 975541011813 2
27 975541011820 2
27 975541011821 2
27 975541011828 2
27 975541011829 2
27 975541011836 2
27 975541011837 2
27 975541011972 2
27 975541011974 2
27 975541011980 2
27 975541011982 2
27 975541011988 2
27 975541011990 2
27 975541011996 2
27 975541011998 2
27 975541012004 2
27 975541012006 2
27 975541012012 2
27 975541012014 2
27 975541012020 2
27 975541012022 2
27 975541012028 2
27 975541012030 2
27 975541012036 2
27 975541012038 2
27 975541012044 2
27 975541012046 2
27 975541012052 2
27 975541012054 2
27 975541012060 2
27 975541012062 2
27 975541012068 2
27 975541012070 2
27 975541012076 2
27 975541012078 2
27 975541012084 2
27 975541012086 2
27 975541012092 2
27 975541012094 2
27 975541012228 2
27 975541012230 2
27 975541012236 2
27 975541012238 2
27 975541012244 2
27 975541012246 2
27 975541012252 2
27 975541012254 2
27 975541012260 2
27 975541012262 2
27 975541012268 2
27 975541012270 2
27 975541012276 2
27 975541012278 2
27 975541012284 2
27 975541012286 2
27 975541012292 2
27 975541012294 2
27 975541012300 2
27 975541012302 2
27 975541012308 2
27 975541012310 2
27 975541012316 2
27 975541012318 2
27 975541012324 2
27 975541012326 2
27 975541012332 2
27 975541012334 2
27 975541012340 2
27 975541012342 2
27 975541012348 2
27 975541012350 2
29 975541011588 2
29 975541011591 2
29 975541011596 2
29 975541011599 2
29 975541011604 2
29 975541011607 2
29 975541011612 2
29 975541011615 2
29 975541011620 2
29 975541011623 2
29 975541011628 2
29 975541011631 2
29 975541011636 2
29 975541011639 2
29 975541011644 2
29 975541011647 2
29 975541011652 2
29 975541011655 2
29 975541011660 2
29 975541011663 2
29 975541011668 2
29 975541011671 2
29 975541011676 2
29 975541011679 2
29 975541011684 2
29 975541011687 2
29 975541011692 2
29 975541011695 2
29 975541011700 2
29 975541011703 2
29 975541011708 2
29 975541011711 2
29 975541012228 2
29 975541012236 2
29 975541012244 2
29 975541012252 2
29 975541012260 2
29 975541012268 2
29 975541012276 2
29 975541012284 2
29 975541012292 2
29 975541012300 2
29 975541012308 2
29 975541012316 2
29 975541012324 2
29 975541012332 2
29 975541012340 2
29 975541012348 2
30 975541011589 2
30 975541011591 2
30 975541011597 2
30 975541011599 2
30 975541011605 2
30 975541011607 2
30 975541011613 2
30 975541011615 2
30 975541011621 2
30 975541011623 2
30 975541011629 2
30 975541011631 2
30 975541011637 2
30 975541011639 2
30 975541011645 2
30 975541011647 2
30 975541011653 2
30 975541011655 2
30 975541011661 2
30 975541011663 2
30 975541011669 2
30 975541011671 2
30 975541011677 2
30 975541011679 2
30 975541011685 2
30 975541011687 2
30 975541011693 2
30 975541011695 2
30 975541011701 2
30 975541011703 2
30 975541011709 2
30 975541011711 2
30 975541011972 2
30 975541011973 2
30 975541011980 2
30 975541011981 2
30 975541011988 2
30 975541011989 2
30 975541011996 2
30 975541011997 2
30 975541012004 2
30 975541012005 2
30 975541012012 2
30 975541012013 2
30 975541012020 2
30 975541012021 2
30 975541012028 2
30 975541012029 2
30 975541012036 2
30 975541012037 2
30 975541012044 2
30 975541012045 2
30 975541012052 2
30 975541012053 2
30 975541012060 2
30 975541012061 2
30 975541012068 2
30 975541012069 2
30 975541012076 2
30 975541012077 2
30 975541012084 2
30 975541012085 2
30 975541012092 2
30 975541012093 2
30 975541012228 2
30 975541012231 2
30 975541012236 2
30 975541012239 2
30 975541012244 2
30 975541012247 2
30 975541012252 2
30 975541012255 2
30 975541012260 2
30 975541012263 2
30 975541012268 2
30 975541012271 2
30 975541012276 2
30 975541012279 2
30 975541012284 2
30 975541012287 2
30 975541012292 2
30 975541012295 2
30 975541012300 2
30 975541012303 2
30 975541012308 2
30 975541012311 2
30 975541012316 2
30 975541012319 2
30 975541012324 2
30 975541012327 2
30 975541012332 2
30 975541012335 2
30 975541012340 2
30 975541012343 2
30 975541012348 2
30 975541012351 2
33 975541011718 4
33 975541011726 4
33 975541011734 4
33 975541011742 4
33 975541011750 4
33 975541011758 4
33 975541011766 4
33 975541011774 4
33 975541011782 4
33 975541011790 4
33 975541011798 4
33 975541011806 4
33 975541011814 4
33 975541011822 4
33 975541011830 4
33 975541011838 4
33 975541011845 2
33 975541011846 2
33 975541011853 2
33 975541011854 2
33 975541011861 2
33 975541011862 2
33 975541011869 2
33 975541011870 2
33 975541011877 2
33 975541011878 2
33 975541011885 2
33 975541011886 2
33 975541011893 2
33 975541011894 2
33 975541011901 2
33 975541011902 2
33 975541011909 2
33 975541011910 2
33 975541011917 2
33 975541011918 2
33 975541011925 2
33 975541011926 2
33 975541011933 2
33 975541011934 2
33 975541011941 2
33 975541011942 2
33 975541011949 2
33 975541011950 2
33 975541011957 2
33 975541011958 2
33 975541011965 2
33 975541011966 2
33 975541012229 2
33 975541012230 2
33 975541012237 2
33 975541012238 2
33 975541012245 2
33 975541012246 2
33 975541012253 2
33 975541012254 2
33 975541012261 2
33 975541012262 2
33 975541012269 2
33 975541012270 2
33 975541012277 2
33 975541012278 2
33 975541012285 2
33 975541012286 2
33 975541012293 2
33 975541012294 2
33 975541012301 2
33 975541012302 2
33 975541012309 2
33 975541012310 2
33 975541012317 2
33 975541012318 2
33 975541012325 2
33 975541012326 2
33 975541012333 2
33 975541012334 2
33 975541012341 2
33 975541012342 2
33 975541012349 2
33 975541012350 2
36 975541011846 2
36 975541011854 2
36 975541011862 2
36 975541011870 2
36 975541011878 2
36 975541011886 2
36 975541011894 2
36 975541011902 2
36 975541011910 2
36 975541011918 2
36 975541011926 2
36 975541011934 2
36 975541011942 2
36 975541011950 2
36 975541011958 2
36 975541011966 2
36 975541011973 2
36 975541011974 2
36 975541011981 2
36 975541011982 2
36 975541011989 2
36 975541011990 2
36 975541011997 2
36 975541011998 2
36 975541012005 2
36 975541012006 2
36 975541012013 2
36 975541012014 2
36 975541012021 2
36 975541012022 2
36 975541012029 2
36 975541012030 2
36 975541012037 2
36 975541012038 2
36 975541012045 2
36 975541012046 2
36 975541012053 2
36 975541012054 2
36 975541012061 2
36 975541012062 2
36 975541012069 2
36 975541012070 2
36 975541012077 2
36 975541012078 2
36 975541012085 2
36 975541012086 2
36 975541012093 2
36 975541012094 2
37 975541011974 2
37 975541011982 2
37 975541011990 2
37 975541011998 2
37 975541012006 2
37 975541012014 2
37 975541012022 2
37 975541012030 2
37 975541012038 2
37 975541012046 2
37 975541012054 2
37 975541012062 2
37 975541012070 2
37 975541012078 2
37 975541012086 2
37 975541012094 2
41 975541012102 2
41 975541012103 2
41 975541012110 2
41 975541012111 2
41 975541012118 2
41 975541012119 2
41 975541012126 2
41 975541012127 2
41 975541012134 2
41 975541012135 2
41 975541012142 2
41 975541012143 2
41 975541012150 2
41 975541012151 2
41 975541012158 2
41 975541012159 2
41 975541012166 2
41 975541012167 2
41 975541012174 2
41 975541012175 2
41 975541012182 2
41 975541012183 2
41 975541012190 2
41 975541012191 2
41 975541012198 2
41 975541012199 2
41 975541012206 2
41 975541012207 2
41 975541012214 2
41 975541012215 2
41 975541012222 2
41 975541012223 2
41 975541012358 2
41 975541012366 2
41 975541012374 2
41 975541012382 2
41 975541012390 2
41 975541012398 2
41 975541012406 2
41 975541012414 2
41 975541012422 2
41 975541012430 2
41 975541012438 2
41 975541012446 2
41 975541012454 2
41 975541012462 2
41 975541012470 2
41 975541012478 2
