1 975541010432 2
1 975541010440 2
1 975541010448 2
1 975541010456 2
1 975541010464 2
1 975541010472 2
1 975541010480 2
1 975541010488 2
1 975541010496 2
1 975541010504 2
1 975541010512 2
1 975541010520 2
1 975541010528 2
1 975541010536 2
1 975541010544 2
1 975541010552 2
2 975541010432 2
2 975541010439 2
2 975541010440 2
2 975541010447 2
2 975541010448 2
2 975541010455 2
2 975541010456 2
2 975541010463 2
2 975541010464 2
2 975541010471 2
2 975541010472 2
2 975541010479 2
2 975541010480 2
2 975541010487 2
2 975541010488 2
2 975541010495 2
2 975541010496 2
2 975541010503 2
2 975541010504 2
2 975541010511 2
2 975541010512 2
2 975541010519 2
2 975541010520 2
2 975541010527 2
2 975541010528 2
2 975541010535 2
2 975541010536 2
2 975541010543 2
2 975541010544 2
2 975541010551 2
2 975541010552 2
2 975541010559 2
2 975541012352 2
2 975541012360 2
2 975541012368 2
2 975541012376 2
2 975541012384 2
2 975541012392 2
2 975541012400 2
2 975541012408 2
2 975541012416 2
2 975541012424 2
2 975541012432 2
2 975541012440 2
2 975541012448 2
2 975541012456 2
2 975541012464 2
2 975541012472 2
3 975541010432 2
3 975541010433 2
3 975541010434 2
3 975541010435 2
3 975541010436 2
3 975541010437 4
3 975541010439 16
3 975541010440 2
3 975541010441 2
3 975541010442 2
3 975541010443 2
3 975541010444 2
3 975541010445 4
3 975541010447 16
3 975541010448 2
3 975541010449 2
3 975541010450 2
3 975541010451 2
3 975541010452 2
3 975541010453 4
3 975541010455 16
3 975541010456 2
3 975541010457 2
3 975541010458 2
3 975541010459 2
3 975541010460 2
3 975541010461 4
3 975541010463 16
3 975541010464 2
3 975541010465 2
3 975541010466 2
3 975541010467 2
3 975541010468 2
3 975541010469 4
3 975541010471 16
3 975541010472 2
3 975541010473 2
3 975541010474 2
3 975541010475 2
3 975541010476 2
3 975541010477 4
3 975541010479 16
3 975541010480 2
3 975541010481 2
3 975541010482 2
3 975541010483 2
3 975541010484 2
3 975541010485 4
3 975541010487 16
3 975541010488 2
3 975541010489 2
3 975541010490 2
3 975541010491 2
3 975541010492 2
3 975541010493 4
3 975541010495 16
3 975541010496 2
3 975541010497 2
3 975541010498 2
3 975541010499 2
3 975541010500 2
3 975541010501 4
3 975541010503 16
3 975541010504 2
3 975541010505 2
3 975541010506 2
3 975541010507 2
3 975541010508 2
3 975541010509 4
3 975541010511 16
3 975541010512 2
3 975541010513 2
3 975541010514 2
3 975541010515 2
3 975541010516 2
3 975541010517 4
3 975541010519 16
3 975541010520 2
3 975541010521 2
3 975541010522 2
3 975541010523 2
3 975541010524 2
3 975541010525 4
3 975541010527 16
3 975541010528 2
3 975541010529 2
3 975541010530 2
3 975541010531 2
3 975541010532 2
3 975541010533 24
3 975541010535 42
3 975541010536 2
3 975541010537 2
3 975541010538 2
3 975541010539 2
3 975541010540 2
3 975541010541 4
3 975541010543 16
3 975541010544 2
3 975541010545 2
3 975541010546 2
3 975541010547 2
3 975541010548 2
3 975541010549 4
3 975541010551 16
3 975541010552 2
3 975541010553 2
3 975541010554 2
3 975541010555 2
3 975541010556 2
3 975541010557 4
3 975541010559 16
3 975541010560 2
3 975541010567 2
3 975541010568 2
3 975541010575 2
3 975541010576 2
3 975541010583 2
3 975541010584 2
3 975541010591 2
3 975541010592 2
3 975541010599 2
3 975541010600 2
3 975541010607 2
3 975541010608 2
3 975541010615 2
3 975541010616 2
3 975541010623 2
3 975541010624 2
3 975541010631 2
3 975541010632 2
3 975541010639 2
3 975541010640 2
3 975541010647 2
3 975541010648 2
3 975541010655 2
3 975541010656 2
3 975541010663 2
3 975541010664 2
3 975541010671 2
3 975541010672 2
3 975541010679 2
3 975541010680 2
3 975541010687 2
3 975541010688 2
3 975541010695 2
3 975541010696 2
3 975541010703 2
3 975541010704 2
3 975541010711 2
3 975541010712 2
3 975541010719 2
3 975541010720 2
3 975541010727 2
3 975541010728 2
3 975541010735 2
3 975541010736 2
3 975541010743 2
3 975541010744 2
3 975541010751 2
3 975541010752 2
3 975541010759 2
3 975541010760 2
3 975541010767 2
3 975541010768 2
3 975541010775 2
3 975541010776 2
3 975541010783 2
3 975541010784 2
3 975541010791 2
3 975541010792 2
3 975541010799 2
3 975541010800 2
3 975541010807 2
3 975541010808 2
3 975541010815 2
3 975541010816 2
3 975541010823 2
3 975541010824 2
3 975541010831 2
3 975541010832 2
3 975541010839 2
3 975541010840 2
3 975541010847 2
3 975541010848 2
3 975541010855 2
3 975541010856 2
3 975541010863 2
3 975541010864 2
3 975541010871 2
3 975541010872 2
3 975541010879 2
3 975541010880 2
3 975541010887 2
3 975541010888 2
3 975541010895 2
3 975541010896 2
3 975541010903 2
3 975541010904 2
3 975541010911 2
3 975541010912 2
3 975541010919 2
3 975541010920 2
3 975541010927 2
3 975541010928 2
3 975541010935 2
3 975541010936 2
3 975541010943 2
3 975541010944 2
3 975541010951 2
3 975541010952 2
3 975541010959 2
3 975541010960 2
3 975541010967 2
3 975541010968 2
3 975541010975 2
3 975541010976 2
3 975541010983 2
3 975541010984 2
3 975541010991 2
3 975541010992 2
3 975541010999 2
3 975541011000 2
3 975541011007 2
3 975541011008 2
3 975541011015 2
3 975541011016 2
3 975541011023 2
3 975541011024 2
3 975541011031 2
3 975541011032 2
3 975541011039 2
3 975541011040 2
3 975541011047 2
3 975541011048 2
3 975541011055 2
3 975541011056 2
3 975541011063 2
3 975541011064 2
3 975541011071 2
3 975541011072 2
3 975541011079 2
3 975541011080 2
3 975541011087 2
3 975541011088 2
3 975541011095 2
3 975541011096 2
3 975541011103 2
3 975541011104 2
3 975541011111 2
3 975541011112 2
3 975541011119 2
3 975541011120 2
3 975541011127 2
3 975541011128 2
3 975541011135 2
3 975541011136 2
3 975541011143 2
3 975541011144 2
3 975541011151 2
3 975541011152 2
3 975541011159 2
3 975541011160 2
3 975541011167 2
3 975541011168 2
3 975541011175 2
3 975541011176 2
3 975541011183 2
3 975541011184 2
3 975541011191 2
3 975541011192 2
3 975541011199 2
3 975541011200 2
3 975541011207 2
3 975541011208 2
3 975541011215 2
3 975541011216 2
3 975541011223 2
3 975541011224 2
3 975541011231 2
3 975541011232 2
3 975541011239 2
3 975541011240 2
3 975541011247 2
3 975541011248 2
3 975541011255 2
3 975541011256 2
3 975541011263 2
3 975541011264 2
3 975541011271 2
3 975541011272 2
3 975541011279 2
3 975541011280 2
3 975541011287 2
3 975541011288 2
3 975541011295 2
3 975541011296 2
3 975541011303 2
3 975541011304 2
3 975541011311 2
3 975541011312 2
3 975541011319 2
3 975541011320 2
3 975541011327 2
3 975541011328 4
3 975541011329 2
3 975541011335 2
3 975541011336 4
3 975541011337 2
3 975541011343 2
3 975541011344 4
3 975541011345 2
3 975541011351 2
3 975541011352 4
3 975541011353 2
3 975541011359 2
3 975541011360 4
3 975541011361 2
3 975541011367 2
3 975541011368 4
3 975541011369 2
3 975541011375 2
3 975541011376 4
3 975541011377 2
3 975541011383 2
3 975541011384 4
3 975541011385 2
3 975541011391 2
3 975541011392 4
3 975541011393 2
3 975541011399 2
3 975541011400 4
3 975541011401 2
3 975541011407 2
3 975541011408 4
3 975541011409 2
3 975541011415 2
3 975541011416 4
3 975541011417 2
3 975541011423 2
3 975541011424 4
3 975541011425 2
3 975541011431 2
3 975541011432 4
3 975541011433 2
3 975541011439 2
3 975541011440 4
3 975541011441 2
3 975541011447 2
3 975541011448 4
3 975541011449 2
3 975541011455 2
3 975541011456 4
3 975541011458 2
3 975541011460 2
3 975541011464 4
3 975541011466 2
3 975541011468 2
3 975541011472 4
3 975541011474 2
3 975541011476 2
3 975541011480 4
3 975541011482 2
3 975541011484 2
3 975541011488 4
3 975541011490 2
3 975541011492 2
3 975541011496 4
3 975541011498 2
3 975541011500 2
3 975541011504 4
3 975541011506 2
3 975541011508 2
3 975541011512 4
3 975541011514 2
3 975541011516 2
3 975541011520 4
3 975541011522 2
3 975541011524 2
3 975541011528 4
3 975541011530 2
3 975541011532 2
3 975541011536 4
3 975541011538 2
3 975541011540 2
3 975541011544 4
3 975541011546 2
3 975541011548 933
3 975541011552 4
3 975541011554 2
3 975541011556 2
3 975541011560 4
3 975541011562 2
3 975541011564 2
3 975541011568 4
3 975541011570 2
3 975541011572 2
3 975541011576 4
3 975541011578 2
3 975541011580 2
3 975541011712 4
3 975541011715 2
3 975541011717 2
3 975541011720 4
3 975541011723 2
3 975541011725 2
3 975541011728 4
3 975541011731 2
3 975541011733 2
3 975541011736 4
3 975541011739 2
3 975541011741 2
3 975541011744 4
3 975541011747 2
3 975541011749 2
3 975541011752 4
3 975541011755 2
3 975541011757 2
3 975541011760 4
3 975541011763 2
3 975541011765 2
3 975541011768 4
3 975541011771 2
3 975541011773 2
3 975541011776 4
3 975541011779 2
3 975541011781 2
3 975541011784 4
3 975541011787 2
3 975541011789 2
3 975541011792 4
3 975541011795 2
3 975541011797 2
3 975541011800 4
3 975541011803 2
3 975541011805 2
3 975541011808 4
3 975541011811 2
3 975541011813 2
3 975541011816 4
3 975541011819 2
3 975541011821 2
3 975541011824 4
3 975541011827 2
3 975541011829 2
3 975541011832 4
3 975541011835 2
3 975541011837 2
3 975541012224 2
3 975541012231 2
3 975541012232 2
3 975541012239 2
3 975541012240 2
3 975541012247 2
3 975541012248 2
3 975541012255 2
3 975541012256 2
3 975541012263 2
3 975541012264 2
3 975541012271 2
3 975541012272 2
3 975541012279 2
3 975541012280 2
3 975541012287 2
3 975541012288 2
3 975541012295 2
3 975541012296 2
3 975541012303 2
3 975541012304 2
3 975541012311 2
3 975541012312 2
3 975541012319 2
3 975541012320 2
3 975541012327 2
3 975541012328 2
3 975541012335 2
3 975541012336 2
3 975541012343 2
3 975541012344 2
3 975541012351 2
3 975541012352 6
3 975541012357 2
3 975541012360 6
3 975541012365 2
3 975541012368 6
3 975541012373 2
3 975541012376 6
3 975541012381 2
3 975541012384 6
3 975541012389 2
3 975541012392 6
3 975541012397 2
3 975541012400 6
3 975541012405 2
3 975541012408 6
3 975541012413 2
3 975541012416 6
3 975541012421 2
3 975541012424 6
3 975541012429 2
3 975541012432 6
3 975541012437 2
3 975541012440 6
3 975541012445 2
3 975541012448 6
3 975541012453 2
3 975541012456 6
3 975541012461 2
3 975541012464 6
3 975541012469 2
3 975541012472 6
3 975541012477 2
5 975541010560 2
5 975541010562 2
5 975541010568 2
5 975541010570 2
5 975541010576 2
5 975541010578 2
5 975541010584 2
5 975541010586 2
5 975541010592 2
5 975541010594 2
5 975541010600 2
5 975541010602 2
5 975541010608 2
5 975541010610 2
5 975541010616 2
5 975541010618 2
5 975541010624 2
5 975541010626 2
5 975541010632 2
5 975541010634 2
5 975541010640 2
5 975541010642 2
5 975541010648 2
5 975541010650 2
5 975541010656 2
5 975541010658 2
5 975541010664 2
5 975541010666 2
5 975541010672 2
5 975541010674 2
5 975541010680 2
5 975541010682 2
5 975541010944 2
5 975541010952 2
5 975541010960 2
5 975541010968 2
5 975541010976 2
5 975541010984 2
5 975541010992 2
5 975541011000 2
5 975541011008 2
5 975541011016 2
5 975541011024 2
5 975541011032 2
5 975541011040 2
5 975541011048 2
5 975541011056 2
5 975541011064 2
6 975541010562 4
6 975541010563 4
6 975541010564 6
6 975541010565 2
6 975541010566 6
6 975541010567 2
6 975541010570 4
6 975541010571 4
6 975541010572 6
6 975541010573 2
6 975541010574 6
6 975541010575 2
6 975541010578 4
6 975541010579 4
6 975541010580 6
6 975541010581 2
6 975541010582 6
6 975541010583 2
6 975541010586 4
6 975541010587 4
6 975541010588 6
6 975541010589 2
6 975541010590 6
6 975541010591 2
6 975541010594 4
6 975541010595 4
6 975541010596 6
6 975541010597 2
6 975541010598 74
6 975541010599 2
6 975541010602 4
6 975541010603 4
6 975541010604 6
6 975541010605 2
6 975541010606 6
6 975541010607 2
6 975541010610 4
6 975541010611 4
6 975541010612 6
6 975541010613 2
6 975541010614 6
6 975541010615 2
6 975541010618 4
6 975541010619 4
6 975541010620 6
6 975541010621 2
6 975541010622 6
6 975541010623 2
6 975541010626 4
6 975541010627 10
6 975541010628 6
6 975541010629 25
6 975541010630 6
6 975541010631 2
6 975541010634 4
6 975541010635 5
6 975541010636 6
6 975541010637 3
6 975541010638 6
6 975541010639 2
6 975541010642 4
6 975541010643 4
6 975541010644 6
6 975541010645 2
6 975541010646 6
6 975541010647 2
6 975541010650 4
6 975541010651 4
6 975541010652 130
6 975541010653 2
6 975541010654 6
6 975541010655 2
6 975541010658 4
6 975541010659 4
6 975541010660 247
6 975541010661 2
6 975541010662 6
6 975541010663 2
6 975541010666 4
6 975541010667 4
6 975541010668 9
6 975541010669 2
6 975541010670 18
6 975541010671 2
6 975541010674 4
6 975541010675 4
6 975541010676 6
6 975541010677 2
6 975541010678 6
6 975541010679 2
6 975541010682 4
6 975541010683 4
6 975541010684 6
6 975541010685 2
6 975541010686 6
6 975541010687 2
6 975541010688 2
6 975541010690 2
6 975541010696 130
6 975541010698 2
6 975541010704 2
6 975541010706 2
6 975541010712 2
6 975541010714 2
6 975541010720 2
6 975541010722 2
6 975541010728 2
6 975541010730 2
6 975541010736 2
6 975541010738 2
6 975541010744 2
6 975541010746 2
6 975541010752 2
6 975541010754 2
6 975541010760 2
6 975541010762 16
6 975541010768 2
6 975541010770 2
6 975541010776 2
6 975541010778 2
6 975541010784 2
6 975541010786 2
6 975541010792 2
6 975541010794 2
6 975541010800 2
6 975541010802 2
6 975541010808 2
6 975541010810 2
6 975541010816 2
6 975541010819 2
6 975541010824 2
6 975541010827 2
6 975541010832 2
6 975541010835 2
6 975541010840 2
6 975541010843 2
6 975541010848 2
6 975541010851 2
6 975541010856 2
6 975541010859 199
6 975541010864 2
6 975541010867 2
6 975541010872 2
6 975541010875 2
6 975541010880 2
6 975541010883 2
6 975541010888 2
6 975541010891 2
6 975541010896 2
6 975541010899 2
6 975541010904 2
6 975541010907 2
6 975541010912 2
6 975541010915 2
6 975541010920 2
6 975541010923 2
6 975541010928 2
6 975541010931 2
6 975541010936 20
6 975541010939 2
6 975541010944 2
6 975541010947 2
6 975541010952 2
6 975541010955 2
6 975541010960 279
6 975541010963 2
6 975541010968 2
6 975541010971 2
6 975541010976 2
6 975541010979 2
6 975541010984 2
6 975541010987 2
6 975541010992 2
6 975541010995 2
6 975541011000 2
6 975541011003 133
6 975541011008 2
6 975541011011 2
6 975541011016 2
6 975541011019 2
6 975541011024 2
6 975541011027 2
6 975541011032 2
6 975541011035 2
6 975541011040 2
6 975541011043 2
6 975541011048 2
6 975541011051 2
6 975541011056 2
6 975541011059 2
6 975541011064 2
6 975541011067 2
6 975541011072 2
6 975541011076 2
6 975541011080 2
6 975541011084 2
6 975541011088 10
6 975541011092 2
6 975541011096 2
6 975541011100 2
6 975541011104 2
6 975541011108 2
6 975541011112 2
6 975541011116 2
6 975541011120 2
6 975541011124 2
6 975541011128 2
6 975541011132 2
6 975541011136 2
6 975541011140 2
6 975541011144 2
6 975541011148 2
6 975541011152 2
6 975541011156 2
6 975541011160 2
6 975541011164 2
6 975541011168 2
6 975541011172 2
6 975541011176 2
6 975541011180 2
6 975541011184 2
6 975541011188 2
6 975541011192 2
6 975541011196 2
6 975541011200 7
6 975541011204 2
6 975541011208 11
6 975541011212 2
6 975541011216 2
6 975541011220 2
6 975541011224 2
6 975541011228 2
6 975541011232 6
6 975541011236 2
6 975541011240 2
6 975541011244 2
6 975541011248 2
6 975541011252 2
6 975541011256 2
6 975541011260 2
6 975541011264 2
6 975541011268 2
6 975541011272 2
6 975541011276 2
6 975541011280 2
6 975541011284 2
6 975541011288 27
6 975541011292 2
6 975541011296 2
6 975541011300 2
6 975541011304 2
6 975541011308 2
6 975541011312 2
6 975541011316 2
6 975541011320 2
6 975541011324 2
6 975541011328 2
6 975541011333 2
6 975541011336 2
6 975541011341 2
6 975541011344 2
6 975541011349 2
6 975541011352 2
6 975541011357 2
6 975541011360 2
6 975541011365 2
6 975541011368 2
6 975541011373 2
6 975541011376 2
6 975541011381 2
6 975541011384 2
6 975541011389 2
6 975541011392 25
6 975541011397 2
6 975541011400 7
6 975541011405 2
6 975541011408 2
6 975541011413 2
6 975541011416 318
6 975541011421 2
6 975541011424 2
6 975541011429 2
6 975541011432 2
6 975541011437 2
6 975541011440 2
6 975541011445 2
6 975541011448 2
6 975541011453 2
6 975541011968 2
6 975541011975 2
6 975541011976 2
6 975541011983 2
6 975541011984 2
6 975541011991 2
6 975541011992 2
6 975541011999 2
6 975541012000 2
6 975541012007 2
6 975541012008 2
6 975541012015 2
6 975541012016 2
6 975541012023 2
6 975541012024 2
6 975541012031 2
6 975541012032 2
6 975541012039 2
6 975541012040 2
6 975541012047 2
6 975541012048 2
6 975541012055 2
6 975541012056 2
6 975541012063 2
6 975541012064 2
6 975541012071 2
6 975541012072 2
6 975541012079 2
6 975541012080 2
6 975541012087 2
6 975541012088 2
6 975541012095 2
6 975541012096 2
6 975541012102 2
6 975541012104 2
6 975541012110 2
6 975541012112 2
6 975541012118 2
6 975541012120 2
6 975541012126 2
6 975541012128 2
6 975541012134 2
6 975541012136 2
6 975541012142 2
6 975541012144 2
6 975541012150 2
6 975541012152 2
6 975541012158 2
6 975541012160 2
6 975541012166 2
6 975541012168 2
6 975541012174 2
6 975541012176 2
6 975541012182 2
6 975541012184 2
6 975541012190 2
6 975541012192 2
6 975541012198 2
6 975541012200 2
6 975541012206 2
6 975541012208 2
6 975541012214 2
6 975541012216 2
6 975541012222 2
6 975541012224 8
6 975541012226 2
6 975541012228 2
6 975541012230 4
6 975541012232 8
6 975541012234 2
6 975541012236 2
6 975541012238 4
6 975541012240 8
6 975541012242 2
6 975541012244 2
6 975541012246 4
6 975541012248 8
6 975541012250 2
6 975541012252 2
6 975541012254 4
6 975541012256 8
6 975541012258 2
6 975541012260 2
6 975541012262 4
6 975541012264 8
6 975541012266 2
6 975541012268 2
6 975541012270 4
6 975541012272 8
6 975541012274 2
6 975541012276 2
6 975541012278 4
6 975541012280 8
6 975541012282 2
6 975541012284 2
6 975541012286 4
6 975541012288 8
6 975541012290 2
6 975541012292 2
6 975541012294 4
6 975541012296 8
6 975541012298 2
6 975541012300 2
6 975541012302 4
6 975541012304 155
6 975541012306 2
6 975541012308 2
6 975541012310 4
6 975541012312 8
6 975541012314 2
6 975541012316 2
6 975541012318 4
6 975541012320 8
6 975541012322 2
6 975541012324 2
6 975541012326 4
6 975541012328 8
6 975541012330 2
6 975541012332 2
6 975541012334 4
6 975541012336 20
6 975541012338 2
6 975541012340 2
6 975541012342 4
6 975541012344 8
6 975541012346 2
6 975541012348 2
6 975541012350 4
8 975541010689 2
8 975541010695 2
8 975541010697 2
8 975541010703 2
8 975541010705 2
8 975541010711 2
8 975541010713 2
8 975541010719 2
8 975541010721 2
8 975541010727 2
8 975541010729 2
8 975541010735 2
8 975541010737 2
8 975541010743 2
8 975541010745 2
8 975541010751 2
8 975541010753 2
8 975541010759 2
8 975541010761 2
8 975541010767 2
8 975541010769 2
8 975541010775 2
8 975541010777 2
8 975541010783 2
8 975541010785 2
8 975541010791 2
8 975541010793 2
8 975541010799 2
8 975541010801 2
8 975541010807 2
8 975541010809 2
8 975541010815 2
8 975541012353 2
8 975541012361 2
8 975541012369 2
8 975541012377 2
8 975541012385 2
8 975541012393 2
8 975541012401 2
8 975541012409 2
8 975541012417 2
8 975541012425 2
8 975541012433 2
8 975541012441 2
8 975541012449 2
8 975541012457 2
8 975541012465 2
8 975541012473 2
9 975541010690 2
9 975541010691 4
9 975541010692 90
9 975541010693 6
9 975541010694 49
9 975541010695 4
9 975541010698 2
9 975541010699 4
9 975541010700 4
9 975541010701 8
9 975541010702 10
9 975541010703 4
9 975541010706 2
9 975541010707 4
9 975541010708 4
9 975541010709 8
9 975541010710 4
9 975541010711 4
9 975541010714 2
9 975541010715 4
9 975541010716 4
9 975541010717 17
9 975541010718 212
9 975541010719 4
9 975541010722 2
9 975541010723 4
9 975541010724 4
9 975541010725 6
9 975541010726 4
9 975541010727 111
9 975541010730 2
9 975541010731 4
9 975541010732 4
9 975541010733 6
9 975541010734 4
9 975541010735 4
9 975541010738 2
9 975541010739 4
9 975541010740 4
9 975541010741 6
9 975541010742 153
9 975541010743 4
9 975541010746 2
9 975541010747 4
9 975541010748 4
9 975541010749 6
9 975541010750 4
9 975541010751 4
9 975541010754 2
9 975541010755 4
9 975541010756 4
9 975541010757 8
9 975541010758 4
9 975541010759 4
9 975541010762 2
9 975541010763 4
9 975541010764 4
9 975541010765 8
9 975541010766 4
9 975541010767 4
9 975541010770 2
9 975541010771 4
9 975541010772 4
9 975541010773 6
9 975541010774 4
9 975541010775 4
9 975541010778 2
9 975541010779 4
9 975541010780 4
9 975541010781 6
9 975541010782 4
9 975541010783 4
9 975541010786 2
9 975541010787 4
9 975541010788 4
9 975541010789 6
9 975541010790 4
9 975541010791 4
9 975541010794 2
9 975541010795 4
9 975541010796 4
9 975541010797 16
9 975541010798 128
9 975541010799 4
9 975541010802 2
9 975541010803 4
9 975541010804 4
9 975541010805 6
9 975541010806 4
9 975541010807 4
9 975541010810 2
9 975541010811 4
9 975541010812 4
9 975541010813 7
9 975541010814 4
9 975541010815 4
9 975541010945 2
9 975541010946 2
9 975541010953 2
9 975541010954 2
9 975541010961 2
9 975541010962 2
9 975541010969 2
9 975541010970 2
9 975541010977 2
9 975541010978 2
9 975541010985 2
9 975541010986 2
9 975541010993 2
9 975541010994 2
9 975541011001 2
9 975541011002 2
9 975541011009 2
9 975541011010 2
9 975541011017 2
9 975541011018 2
9 975541011025 2
9 975541011026 2
9 975541011033 2
9 975541011034 2
9 975541011041 2
9 975541011042 2
9 975541011049 2
9 975541011050 2
9 975541011057 2
9 975541011058 2
9 975541011065 2
9 975541011066 2
9 975541011073 2
9 975541011075 2
9 975541011081 2
9 975541011083 2
9 975541011089 2
9 975541011091 2
9 975541011097 2
9 975541011099 2
9 975541011105 2
9 975541011107 2
9 975541011113 2
9 975541011115 2
9 975541011121 2
9 975541011123 2
9 975541011129 2
9 975541011131 2
9 975541011137 3
9 975541011139 2
9 975541011145 11
9 975541011147 2
9 975541011153 2
9 975541011155 2
9 975541011161 2
9 975541011163 2
9 975541011169 2
9 975541011171 2
9 975541011177 2
9 975541011179 2
9 975541011185 2
9 975541011187 2
9 975541011193 22
9 975541011195 2
9 975541011201 2
9 975541011204 2
9 975541011209 8
9 975541011212 2
9 975541011217 2
9 975541011220 2
9 975541011225 2
9 975541011228 2
9 975541011233 2
9 975541011236 2
9 975541011241 2
9 975541011244 2
9 975541011249 2
9 975541011252 2
9 975541011257 2
9 975541011260 2
9 975541011265 2
9 975541011268 2
9 975541011273 2
9 975541011276 2
9 975541011281 11
9 975541011284 2
9 975541011289 4
9 975541011292 2
9 975541011297 2
9 975541011300 2
9 975541011305 2
9 975541011308 2
9 975541011313 2
9 975541011316 2
9 975541011321 2
9 975541011324 2
9 975541011329 10
9 975541011333 2
9 975541011337 3
9 975541011341 2
9 975541011345 5
9 975541011349 2
9 975541011353 2
9 975541011357 2
9 975541011361 15
9 975541011365 2
9 975541011369 30
9 975541011373 2
9 975541011377 2
9 975541011381 2
9 975541011385 2
9 975541011389 2
9 975541011393 122
9 975541011397 2
9 975541011401 2
9 975541011405 6
9 975541011409 9
9 975541011413 2
9 975541011417 6
9 975541011421 2
9 975541011425 9
9 975541011429 2
9 975541011433 2
9 975541011437 2
9 975541011441 2
9 975541011445 2
9 975541011449 39
9 975541011453 2
9 975541011457 2
9 975541011462 2
9 975541011465 2
9 975541011470 2
9 975541011473 2
9 975541011478 2
9 975541011481 18
9 975541011486 2
9 975541011489 2
9 975541011494 2
9 975541011497 2
9 975541011502 2
9 975541011505 2
9 975541011510 2
9 975541011513 2
9 975541011518 2
9 975541011521 2
9 975541011526 2
9 975541011529 2
9 975541011534 2
9 975541011537 2
9 975541011542 2
9 975541011545 2
9 975541011550 2
9 975541011553 2
9 975541011558 2
9 975541011561 2
9 975541011566 2
9 975541011569 2
9 975541011574 2
9 975541011577 2
9 975541011582 2
9 975541011585 2
9 975541011591 2
9 975541011593 2
9 975541011599 2
9 975541011601 2
9 975541011607 2
9 975541011609 2
9 975541011615 2
9 975541011617 2
9 975541011623 2
9 975541011625 2
9 975541011631 2
9 975541011633 2
9 975541011639 2
9 975541011641 2
9 975541011647 2
9 975541011649 2
9 975541011655 2
9 975541011657 2
9 975541011663 2
9 975541011665 85
9 975541011671 2
9 975541011673 2
9 975541011679 2
9 975541011681 2
9 975541011687 2
9 975541011689 2
9 975541011695 2
9 975541011697 2
9 975541011703 2
9 975541011705 2
9 975541011711 2
9 975541011713 2
9 975541011717 2
9 975541011721 2
9 975541011725 2
9 975541011729 2
9 975541011733 2
9 975541011737 2
9 975541011741 2
9 975541011745 2
9 975541011749 2
9 975541011753 2
9 975541011757 2
9 975541011761 2
9 975541011765 2
9 975541011769 2
9 975541011773 2
9 975541011777 2
9 975541011781 2
9 975541011785 2
9 975541011789 2
9 975541011793 2
9 975541011797 2
9 975541011801 2
9 975541011805 2
9 975541011809 2
9 975541011813 2
9 975541011817 2
9 975541011821 2
9 975541011825 2
9 975541011829 2
9 975541011833 2
9 975541011837 2
9 975541011841 2
9 975541011847 2
9 975541011849 2
9 975541011855 2
9 975541011857 2
9 975541011863 2
9 975541011865 2
9 975541011871 2
9 975541011873 2
9 975541011879 2
9 975541011881 2
9 975541011887 2
9 975541011889 2
9 975541011895 2
9 975541011897 2
9 975541011903 2
9 975541011905 2
9 975541011911 2
9 975541011913 2
9 975541011919 2
9 975541011921 2
9 975541011927 2
9 975541011929 2
9 975541011935 2
9 975541011937 2
9 975541011943 2
9 975541011945 2
9 975541011951 2
9 975541011953 2
9 975541011959 2
9 975541011961 2
9 975541011967 2
9 975541012225 4
9 975541012227 2
9 975541012228 2
9 975541012233 4
9 975541012235 2
9 975541012236 2
9 975541012241 4
9 975541012243 2
9 975541012244 2
9 975541012249 4
9 975541012251 2
9 975541012252 2
9 975541012257 4
9 975541012259 2
9 975541012260 2
9 975541012265 4
9 975541012267 2
9 975541012268 2
9 975541012273 4
9 975541012275 2
9 975541012276 2
9 975541012281 4
9 975541012283 2
9 975541012284 2
9 975541012289 4
9 975541012291 2
9 975541012292 2
9 975541012297 4
9 975541012299 2
9 975541012300 2
9 975541012305 4
9 975541012307 2
9 975541012308 2
9 975541012313 4
9 975541012315 2
9 975541012316 2
9 975541012321 4
9 975541012323 2
9 975541012324 2
9 975541012329 4
9 975541012331 2
9 975541012332 2
9 975541012337 4
9 975541012339 2
9 975541012340 2
9 975541012345 4
9 975541012347 2
9 975541012348 2
9 975541012353 4
9 975541012357 2
9 975541012358 2
9 975541012361 4
9 975541012365 2
9 975541012366 2
9 975541012369 4
9 975541012373 2
9 975541012374 2
9 975541012377 520
9 975541012381 2
9 975541012382 2
9 975541012385 4
9 975541012389 2
9 975541012390 2
9 975541012393 4
9 975541012397 2
9 975541012398 2
9 975541012401 4
9 975541012405 2
9 975541012406 2
9 975541012409 4
9 975541012413 2
9 975541012414 2
9 975541012417 4
9 975541012421 2
9 975541012422 2
9 975541012425 4
9 975541012429 2
9 975541012430 2
9 975541012433 4
9 975541012437 2
9 975541012438 2
9 975541012441 4
9 975541012445 2
9 975541012446 2
9 975541012449 4
9 975541012453 2
9 975541012454 2
9 975541012457 4
9 975541012461 2
9 975541012462 2
9 975541012465 4
9 975541012469 2
9 975541012470 2
9 975541012473 4
9 975541012477 2
9 975541012478 2
11 975541010817 2
11 975541010819 2
11 975541010825 2
11 975541010827 2
11 975541010833 2
11 975541010835 2
11 975541010841 2
11 975541010843 2
11 975541010849 2
11 975541010851 2
11 975541010857 2
11 975541010859 2
11 975541010865 2
11 975541010867 2
11 975541010873 2
11 975541010875 2
11 975541010881 2
11 975541010883 2
11 975541010889 2
11 975541010891 2
11 975541010897 2
11 975541010899 2
11 975541010905 2
11 975541010907 2
11 975541010913 2
11 975541010915 2
11 975541010921 2
11 975541010923 2
11 975541010929 2
11 975541010931 2
11 975541010937 2
11 975541010939 2
11 975541011329 2
11 975541011337 2
11 975541011345 2
11 975541011353 2
11 975541011361 2
11 975541011369 2
11 975541011377 2
11 975541011385 2
11 975541011393 2
11 975541011401 2
11 975541011409 2
11 975541011417 2
11 975541011425 2
11 975541011433 2
11 975541011441 2
11 975541011449 2
12 975541010818 26
12 975541010819 11
12 975541010820 2
12 975541010821 10
12 975541010822 6
12 975541010823 4
12 975541010826 6
12 975541010827 4
12 975541010828 2
12 975541010829 7
12 975541010830 39
12 975541010831 4
12 975541010834 6
12 975541010835 4
12 975541010836 2
12 975541010837 4
12 975541010838 6
12 975541010839 4
12 975541010842 6
12 975541010843 19
12 975541010844 2
12 975541010845 4
12 975541010846 111
12 975541010847 4
12 975541010850 6
12 975541010851 2
12 975541010852 2
12 975541010853 4
12 975541010854 6
12 975541010855 4
12 975541010858 6
12 975541010859 2
12 975541010860 2
12 975541010861 22
12 975541010862 6
12 975541010863 4
12 975541010866 6
12 975541010867 2
12 975541010868 2
12 975541010869 4
12 975541010870 6
12 975541010871 4
12 975541010874 6
12 975541010875 2
12 975541010876 2
12 975541010877 9
12 975541010878 6
12 975541010879 4
12 975541010882 8
12 975541010883 15
12 975541010884 2
12 975541010885 4
12 975541010886 18
12 975541010887 4
12 975541010890 28
12 975541010891 5
12 975541010892 2
12 975541010893 9
12 975541010894 30
12 975541010895 4
12 975541010898 6
12 975541010899 7
12 975541010900 2
12 975541010901 21
12 975541010902 6
12 975541010903 4
12 975541010906 6
12 975541010907 2
12 975541010908 2
12 975541010909 4
12 975541010910 6
12 975541010911 4
12 975541010914 6
12 975541010915 5
12 975541010916 2
12 975541010917 4
12 975541010918 21
12 975541010919 4
12 975541010922 6
12 975541010923 9
12 975541010924 2
12 975541010925 4
12 975541010926 16
12 975541010927 4
12 975541010930 6
12 975541010931 18
12 975541010932 2
12 975541010933 4
12 975541010934 6
12 975541010935 4
12 975541010938 6
12 975541010939 4
12 975541010940 2
12 975541010941 4
12 975541010942 6
12 975541010943 4
12 975541010945 2
12 975541010949 2
12 975541010953 2
12 975541010957 2
12 975541010961 2
12 975541010965 2
12 975541010969 2
12 975541010973 2
12 975541010977 2
12 975541010981 2
12 975541010985 2
12 975541010989 2
12 975541010993 2
12 975541010997 2
12 975541011001 2
12 975541011005 2
12 975541011009 2
12 975541011013 2
12 975541011017 2
12 975541011021 2
12 975541011025 2
12 975541011029 2
12 975541011033 2
12 975541011037 2
12 975541011041 2
12 975541011045 2
12 975541011049 2
12 975541011053 2
12 975541011057 2
12 975541011061 2
12 975541011065 2
12 975541011069 2
12 975541011073 2
12 975541011078 2
12 975541011081 2
12 975541011086 2
12 975541011089 2
12 975541011094 2
12 975541011097 2
12 975541011102 2
12 975541011105 2
12 975541011110 2
12 975541011113 2
12 975541011118 2
12 975541011121 2
12 975541011126 2
12 975541011129 2
12 975541011134 2
12 975541011137 4
12 975541011142 2
12 975541011145 8
12 975541011150 2
12 975541011153 2
12 975541011158 2
12 975541011161 2
12 975541011166 2
12 975541011169 2
12 975541011174 2
12 975541011177 2
12 975541011182 2
12 975541011185 14
12 975541011190 2
12 975541011193 4
12 975541011198 2
12 975541011329 2
12 975541011330 2
12 975541011337 11
12 975541011338 2
12 975541011345 2
12 975541011346 2
12 975541011353 2
12 975541011354 2
12 975541011361 2
12 975541011362 2
12 975541011369 2
12 975541011370 2
12 975541011377 2
12 975541011378 2
12 975541011385 2
12 975541011386 2
12 975541011393 4
12 975541011394 2
12 975541011401 2
12 975541011402 2
12 975541011409 7
12 975541011410 2
12 975541011417 15
12 975541011418 2
12 975541011425 2
12 975541011426 2
12 975541011433 2
12 975541011434 2
12 975541011441 2
12 975541011442 2
12 975541011449 2
12 975541011450 2
12 975541011457 6
12 975541011459 2
12 975541011465 2
12 975541011467 2
12 975541011473 2
12 975541011475 2
12 975541011481 3
12 975541011483 2
12 975541011489 13
12 975541011491 2
12 975541011497 26
12 975541011499 2
12 975541011505 2
12 975541011507 2
12 975541011513 2
12 975541011515 2
12 975541011521 5
12 975541011523 2
12 975541011529 2
12 975541011531 2
12 975541011537 5
12 975541011539 2
12 975541011545 4
12 975541011547 2
12 975541011553 3
12 975541011555 2
12 975541011561 4
12 975541011563 2
12 975541011569 2
12 975541011571 2
12 975541011577 13
12 975541011579 2
12 975541011585 6
12 975541011589 2
12 975541011593 25
12 975541011597 2
12 975541011601 2
12 975541011605 2
12 975541011609 3
12 975541011613 2
12 975541011617 2
12 975541011621 2
12 975541011625 2
12 975541011629 2
12 975541011633 2
12 975541011637 2
12 975541011641 2
12 975541011645 2
12 975541011649 6
12 975541011653 2
12 975541011657 7
12 975541011661 2
12 975541011665 2
12 975541011669 2
12 975541011673 2
12 975541011677 2
12 975541011681 2
12 975541011685 2
12 975541011689 9
12 975541011693 2
12 975541011697 2
12 975541011701 2
12 975541011705 2
12 975541011709 2
12 975541011713 5
12 975541011718 2
12 975541011721 2
12 975541011726 2
12 975541011729 2
12 975541011734 2
12 975541011737 2
12 975541011742 2
12 975541011745 23
12 975541011750 2
12 975541011753 16
12 975541011758 2
12 975541011761 69
12 975541011766 2
12 975541011769 2
12 975541011774 2
12 975541011777 4
12 975541011782 2
12 975541011785 12
12 975541011790 2
12 975541011793 2
12 975541011798 2
12 975541011801 2
12 975541011806 2
12 975541011809 2
12 975541011814 2
12 975541011817 2
12 975541011822 2
12 975541011825 2
12 975541011830 2
12 975541011833 2
12 975541011838 2
12 975541012097 6
12 975541012098 2
12 975541012100 2
12 975541012103 2
12 975541012105 6
12 975541012106 2
12 975541012108 2
12 975541012111 2
12 975541012113 6
12 975541012114 2
12 975541012116 2
12 975541012119 2
12 975541012121 6
12 975541012122 2
12 975541012124 2
12 975541012127 2
12 975541012129 6
12 975541012130 2
12 975541012132 2
12 975541012135 2
12 975541012137 6
12 975541012138 2
12 975541012140 2
12 975541012143 2
12 975541012145 6
12 975541012146 2
12 975541012148 2
12 975541012151 2
12 975541012153 6
12 975541012154 2
12 975541012156 2
12 975541012159 2
12 975541012161 6
12 975541012162 2
12 975541012164 2
12 975541012167 2
12 975541012169 6
12 975541012170 2
12 975541012172 2
12 975541012175 2
12 975541012177 6
12 975541012178 2
12 975541012180 2
12 975541012183 2
12 975541012185 6
12 975541012186 2
12 975541012188 2
12 975541012191 2
12 975541012193 6
12 975541012194 2
12 975541012196 2
12 975541012199 2
12 975541012201 6
12 975541012202 2
12 975541012204 2
12 975541012207 2
12 975541012209 6
12 975541012210 2
12 975541012212 2
12 975541012215 2
12 975541012217 6
12 975541012218 2
12 975541012220 2
12 975541012223 2
12 975541012225 2
12 975541012231 2
12 975541012233 2
12 975541012239 2
12 975541012241 2
12 975541012247 2
12 975541012249 2
12 975541012255 2
12 975541012257 2
12 975541012263 2
12 975541012265 2
12 975541012271 2
12 975541012273 2
12 975541012279 2
12 975541012281 2
12 975541012287 2
12 975541012289 2
12 975541012295 2
12 975541012297 2
12 975541012303 2
12 975541012305 2
12 975541012311 2
12 975541012313 2
12 975541012319 2
12 975541012321 2
12 975541012327 2
12 975541012329 2
12 975541012335 2
12 975541012337 2
12 975541012343 2
12 975541012345 2
12 975541012351 2
12 975541012353 4
12 975541012354 2
12 975541012358 2
12 975541012361 4
12 975541012362 2
12 975541012366 2
12 975541012369 4
12 975541012370 2
12 975541012374 2
12 975541012377 4
12 975541012378 2
12 975541012382 2
12 975541012385 4
12 975541012386 2
12 975541012390 2
12 975541012393 4
12 975541012394 2
12 975541012398 2
12 975541012401 4
12 975541012402 2
12 975541012406 2
12 975541012409 4
12 975541012410 2
12 975541012414 2
12 975541012417 4
12 975541012418 2
12 975541012422 2
12 975541012425 4
12 975541012426 2
12 975541012430 2
12 975541012433 4
12 975541012434 2
12 975541012438 2
12 975541012441 4
12 975541012442 2
12 975541012446 2
12 975541012449 4
12 975541012450 2
12 975541012454 2
12 975541012457 4
12 975541012458 2
12 975541012462 2
12 975541012465 4
12 975541012466 2
12 975541012470 2
12 975541012473 4
12 975541012474 2
12 975541012478 2
15 975541010947 6
15 975541010949 4
15 975541010950 2
15 975541010951 6
15 975541010955 6
15 975541010957 4
15 975541010958 2
15 975541010959 131
15 975541010963 6
15 975541010965 4
15 975541010966 2
15 975541010967 6
15 975541010971 6
15 975541010973 4
15 975541010974 2
15 975541010975 6
15 975541010979 6
15 975541010981 4
15 975541010982 2
15 975541010983 6
15 975541010987 6
15 975541010989 4
15 975541010990 2
15 975541010991 6
15 975541010995 6
15 975541010997 4
15 975541010998 2
15 975541010999 6
15 975541011003 6
15 975541011005 4
15 975541011006 2
15 975541011007 65
15 975541011011 6
15 975541011013 4
15 975541011014 2
15 975541011015 6
15 975541011019 6
15 975541011021 4
15 975541011022 2
15 975541011023 6
15 975541011027 6
15 975541011029 4
15 975541011030 2
15 975541011031 6
15 975541011035 6
15 975541011037 4
15 975541011038 2
15 975541011039 6
15 975541011043 6
15 975541011045 4
15 975541011046 2
15 975541011047 6
15 975541011051 6
15 975541011053 4
15 975541011054 2
15 975541011055 6
15 975541011059 6
15 975541011061 4
15 975541011062 2
15 975541011063 6
15 975541011067 6
15 975541011069 4
15 975541011070 2
15 975541011071 6
15 975541011074 2
15 975541011075 2
15 975541011082 2
15 975541011083 2
15 975541011090 2
15 975541011091 2
15 975541011098 2
15 975541011099 2
15 975541011106 2
15 975541011107 2
15 975541011114 2
15 975541011115 2
15 975541011122 2
15 975541011123 2
15 975541011130 2
15 975541011131 2
15 975541011138 2
15 975541011139 2
15 975541011146 2
15 975541011147 2
15 975541011154 2
15 975541011155 2
15 975541011162 2
15 975541011163 2
15 975541011170 2
15 975541011171 2
15 975541011178 2
15 975541011179 2
15 975541011186 2
15 975541011187 2
15 975541011194 2
15 975541011195 2
15 975541011202 2
15 975541011205 2
15 975541011210 2
15 975541011213 2
15 975541011218 2
15 975541011221 2
15 975541011226 2
15 975541011229 2
15 975541011234 2
15 975541011237 2
15 975541011242 2
15 975541011245 2
15 975541011250 2
15 975541011253 2
15 975541011258 2
15 975541011261 2
15 975541011266 2
15 975541011269 2
15 975541011274 2
15 975541011277 2
15 975541011282 2
15 975541011285 2
15 975541011290 2
15 975541011293 2
15 975541011298 2
15 975541011301 2
15 975541011306 2
15 975541011309 2
15 975541011314 2
15 975541011317 2
15 975541011322 2
15 975541011325 2
15 975541011330 2
15 975541011335 2
15 975541011338 2
15 975541011343 2
15 975541011346 2
15 975541011351 2
15 975541011354 2
15 975541011359 2
15 975541011362 2
15 975541011367 2
15 975541011370 2
15 975541011375 2
15 975541011378 2
15 975541011383 2
15 975541011386 2
15 975541011391 2
15 975541011394 2
15 975541011399 2
15 975541011402 2
15 975541011407 2
15 975541011410 2
15 975541011415 2
15 975541011418 2
15 975541011423 2
15 975541011426 2
15 975541011431 2
15 975541011434 2
15 975541011439 2
15 975541011442 2
15 975541011447 2
15 975541011450 2
15 975541011455 2
15 975541011586 2
15 975541011587 2
15 975541011594 2
15 975541011595 2
15 975541011602 2
15 975541011603 2
15 975541011610 2
15 975541011611 2
15 975541011618 2
15 975541011619 2
15 975541011626 2
15 975541011627 2
15 975541011634 2
15 975541011635 2
15 975541011642 2
15 975541011643 2
15 975541011650 2
15 975541011651 191
15 975541011658 2
15 975541011659 2
15 975541011666 2
15 975541011667 2
15 975541011674 2
15 975541011675 2
15 975541011682 2
15 975541011683 2
15 975541011690 2
15 975541011691 2
15 975541011698 2
15 975541011699 2
15 975541011706 2
15 975541011707 2
15 975541011714 2
15 975541011717 2
15 975541011722 2
15 975541011725 2
15 975541011730 2
15 975541011733 2
15 975541011738 2
15 975541011741 2
15 975541011746 2
15 975541011749 2
15 975541011754 2
15 975541011757 2
15 975541011762 2
15 975541011765 2
15 975541011770 2
15 975541011773 2
15 975541011778 2
15 975541011781 2
15 975541011786 2
15 975541011789 2
15 975541011794 2
15 975541011797 2
15 975541011802 2
15 975541011805 2
15 975541011810 2
15 975541011813 2
15 975541011818 2
15 975541011821 2
15 975541011826 2
15 975541011829 2
15 975541011834 2
15 975541011837 2
15 975541011842 2
15 975541011847 2
15 975541011850 2
15 975541011855 2
15 975541011858 2
15 975541011863 2
15 975541011866 2
15 975541011871 2
15 975541011874 2
15 975541011879 2
15 975541011882 2
15 975541011887 2
15 975541011890 2
15 975541011895 2
15 975541011898 2
15 975541011903 2
15 975541011906 2
15 975541011911 2
15 975541011914 2
15 975541011919 2
15 975541011922 2
15 975541011927 2
15 975541011930 2
15 975541011935 87
15 975541011938 2
15 975541011943 2
15 975541011946 2
15 975541011951 2
15 975541011954 2
15 975541011959 2
15 975541011962 2
15 975541011967 2
15 975541012098 4
15 975541012099 2
15 975541012103 2
15 975541012106 4
15 975541012107 2
15 975541012111 2
15 975541012114 4
15 975541012115 2
15 975541012119 2
15 975541012122 4
15 975541012123 2
15 975541012127 2
15 975541012130 4
15 975541012131 2
15 975541012135 2
15 975541012138 4
15 975541012139 2
15 975541012143 2
15 975541012146 4
15 975541012147 2
15 975541012151 2
15 975541012154 4
15 975541012155 2
15 975541012159 2
15 975541012162 4
15 975541012163 2
15 975541012167 2
15 975541012170 4
15 975541012171 2
15 975541012175 2
15 975541012178 4
15 975541012179 2
15 975541012183 2
15 975541012186 4
15 975541012187 2
15 975541012191 2
15 975541012194 4
15 975541012195 2
15 975541012199 2
15 975541012202 4
15 975541012203 2
15 975541012207 2
15 975541012210 4
15 975541012211 2
15 975541012215 2
15 975541012218 4
15 975541012219 2
15 975541012223 2
15 975541012226 2
15 975541012230 2
15 975541012234 2
15 975541012238 2
15 975541012242 2
15 975541012246 2
15 975541012250 2
15 975541012254 2
15 975541012258 2
15 975541012262 2
15 975541012266 2
15 975541012270 2
15 975541012274 2
15 975541012278 2
15 975541012282 2
15 975541012286 2
15 975541012290 2
15 975541012294 2
15 975541012298 2
15 975541012302 2
15 975541012306 2
15 975541012310 2
15 975541012314 2
15 975541012318 2
15 975541012322 2
15 975541012326 2
15 975541012330 2
15 975541012334 2
15 975541012338 2
15 975541012342 2
15 975541012346 2
15 975541012350 2
17 975541011074 2
17 975541011079 2
17 975541011082 2
17 975541011087 2
17 975541011090 2
17 975541011095 2
17 975541011098 2
17 975541011103 2
17 975541011106 2
17 975541011111 2
17 975541011114 2
17 975541011119 2
17 975541011122 2
17 975541011127 2
17 975541011130 2
17 975541011135 2
17 975541011138 2
17 975541011143 2
17 975541011146 2
17 975541011151 2
17 975541011154 2
17 975541011159 2
17 975541011162 2
17 975541011167 2
17 975541011170 2
17 975541011175 2
17 975541011178 2
17 975541011183 2
17 975541011186 2
17 975541011191 2
17 975541011194 2
17 975541011199 2
17 975541012226 2
17 975541012234 2
17 975541012242 2
17 975541012250 2
17 975541012258 2
17 975541012266 2
17 975541012274 2
17 975541012282 2
17 975541012290 2
17 975541012298 2
17 975541012306 2
17 975541012314 2
17 975541012322 2
17 975541012330 2
17 975541012338 2
17 975541012346 2
18 975541011076 6
18 975541011079 6
18 975541011084 116
18 975541011087 6
18 975541011092 6
18 975541011095 306
18 975541011100 6
18 975541011103 6
18 975541011108 6
18 975541011111 6
18 975541011116 6
18 975541011119 6
18 975541011124 6
18 975541011127 6
18 975541011132 6
18 975541011135 6
18 975541011140 6
18 975541011143 6
18 975541011148 47
18 975541011151 6
18 975541011156 6
18 975541011159 6
18 975541011164 8
18 975541011167 6
18 975541011172 6
18 975541011175 6
18 975541011180 6
18 975541011183 16
18 975541011188 6
18 975541011191 6
18 975541011196 6
18 975541011199 6
18 975541011330 2
18 975541011332 2
18 975541011338 2
18 975541011340 2
18 975541011346 2
18 975541011348 2
18 975541011354 2
18 975541011356 2
18 975541011362 2
18 975541011364 2
18 975541011370 2
18 975541011372 2
18 975541011378 2
18 975541011380 2
18 975541011386 2
18 975541011388 2
18 975541011394 2
18 975541011396 2
18 975541011402 2
18 975541011404 2
18 975541011410 2
18 975541011412 2
18 975541011418 2
18 975541011420 2
18 975541011426 2
18 975541011428 2
18 975541011434 2
18 975541011436 2
18 975541011442 2
18 975541011444 2
18 975541011450 2
18 975541011452 2
18 975541011458 2
18 975541011463 2
18 975541011466 2
18 975541011471 2
18 975541011474 2
18 975541011479 2
18 975541011482 2
18 975541011487 2
18 975541011490 2
18 975541011495 2
18 975541011498 2
18 975541011503 2
18 975541011506 2
18 975541011511 2
18 975541011514 2
18 975541011519 2
18 975541011522 2
18 975541011527 2
18 975541011530 2
18 975541011535 2
18 975541011538 2
18 975541011543 2
18 975541011546 2
18 975541011551 2
18 975541011554 2
18 975541011559 2
18 975541011562 2
18 975541011567 2
18 975541011570 2
18 975541011575 2
18 975541011578 2
18 975541011583 2
18 975541011714 25
18 975541011716 2
18 975541011722 38
18 975541011724 2
18 975541011730 2
18 975541011732 2
18 975541011738 2
18 975541011740 2
18 975541011746 2
18 975541011748 2
18 975541011754 2
18 975541011756 2
18 975541011762 2
18 975541011764 2
18 975541011770 2
18 975541011772 2
18 975541011778 9
18 975541011780 2
18 975541011786 2
18 975541011788 2
18 975541011794 2
18 975541011796 2
18 975541011802 2
18 975541011804 2
18 975541011810 2
18 975541011812 2
18 975541011818 2
18 975541011820 2
18 975541011826 2
18 975541011828 2
18 975541011834 2
18 975541011836 2
18 975541011842 5
18 975541011847 2
18 975541011850 9
18 975541011855 2
18 975541011858 21
18 975541011863 2
18 975541011866 2
18 975541011871 2
18 975541011874 2
18 975541011879 2
18 975541011882 2
18 975541011887 2
18 975541011890 2
18 975541011895 2
18 975541011898 2
18 975541011903 2
18 975541011906 2
18 975541011911 2
18 975541011914 2
18 975541011919 2
18 975541011922 5
18 975541011927 2
18 975541011930 2
18 975541011935 2
18 975541011938 2
18 975541011943 2
18 975541011946 2
18 975541011951 2
18 975541011954 2
18 975541011959 2
18 975541011962 2
18 975541011967 2
18 975541012098 2
18 975541012100 2
18 975541012106 23
18 975541012108 2
18 975541012114 2
18 975541012116 2
18 975541012122 2
18 975541012124 2
18 975541012130 34
18 975541012132 2
18 975541012138 2
18 975541012140 2
18 975541012146 2
18 975541012148 2
18 975541012154 2
18 975541012156 2
18 975541012162 2
18 975541012164 2
18 975541012170 2
18 975541012172 2
18 975541012178 2
18 975541012180 2
18 975541012186 2
18 975541012188 2
18 975541012194 2
18 975541012196 2
18 975541012202 2
18 975541012204 2
18 975541012210 2
18 975541012212 2
18 975541012218 2
18 975541012220 2
18 975541012226 2
18 975541012231 2
18 975541012234 22
18 975541012239 2
18 975541012242 2
18 975541012247 2
18 975541012250 2
18 975541012255 2
18 975541012258 2
18 975541012263 2
18 975541012266 2
18 975541012271 2
18 975541012274 2
18 975541012279 2
18 975541012282 2
18 975541012287 2
18 975541012290 2
18 975541012295 2
18 975541012298 2
18 975541012303 2
18 975541012306 2
18 975541012311 2
18 975541012314 2
18 975541012319 2
18 975541012322 2
18 975541012327 2
18 975541012330 2
18 975541012335 2
18 975541012338 2
18 975541012343 2
18 975541012346 2
18 975541012351 2
20 975541011203 2
20 975541011205 2
20 975541011211 2
20 975541011213 2
20 975541011219 2
20 975541011221 2
20 975541011227 2
20 975541011229 2
20 975541011235 2
20 975541011237 2
20 975541011243 2
20 975541011245 2
20 975541011251 2
20 975541011253 2
20 975541011259 2
20 975541011261 2
20 975541011267 2
20 975541011269 2
20 975541011275 2
20 975541011277 2
20 975541011283 2
20 975541011285 2
20 975541011291 2
20 975541011293 2
20 975541011299 2
20 975541011301 2
20 975541011307 2
20 975541011309 2
20 975541011315 2
20 975541011317 2
20 975541011323 2
20 975541011325 2
20 975541011843 2
20 975541011851 2
20 975541011859 2
20 975541011867 2
20 975541011875 2
20 975541011883 2
20 975541011891 2
20 975541011899 2
20 975541011907 2
20 975541011915 2
20 975541011923 2
20 975541011931 2
20 975541011939 2
20 975541011947 2
20 975541011955 2
20 975541011963 2
21 975541011204 128
21 975541011205 2
21 975541011207 4
21 975541011212 4
21 975541011213 2
21 975541011215 4
21 975541011220 4
21 975541011221 2
21 975541011223 4
21 975541011228 4
21 975541011229 2
21 975541011231 4
21 975541011236 4
21 975541011237 2
21 975541011239 4
21 975541011244 4
21 975541011245 2
21 975541011247 4
21 975541011252 4
21 975541011253 2
21 975541011255 4
21 975541011260 62
21 975541011261 2
21 975541011263 4
21 975541011268 4
21 975541011269 2
21 975541011271 4
21 975541011276 4
21 975541011277 2
21 975541011279 4
21 975541011284 4
21 975541011285 2
21 975541011287 4
21 975541011292 4
21 975541011293 2
21 975541011295 4
21 975541011300 4
21 975541011301 2
21 975541011303 4
21 975541011308 4
21 975541011309 2
21 975541011311 4
21 975541011316 4
21 975541011317 2
21 975541011319 4
21 975541011324 4
21 975541011325 2
21 975541011327 4
21 975541011459 2
21 975541011460 2
21 975541011467 2
21 975541011468 2
21 975541011475 2
21 975541011476 2
21 975541011483 2
21 975541011484 2
21 975541011491 2
21 975541011492 2
21 975541011499 2
21 975541011500 2
21 975541011507 2
21 975541011508 2
21 975541011515 2
21 975541011516 2
21 975541011523 2
21 975541011524 2
21 975541011531 2
21 975541011532 2
21 975541011539 2
21 975541011540 2
21 975541011547 2
21 975541011548 2
21 975541011555 2
21 975541011556 2
21 975541011563 2
21 975541011564 2
21 975541011571 2
21 975541011572 2
21 975541011579 2
21 975541011580 2
21 975541011587 2
21 975541011591 2
21 975541011595 2
21 975541011599 2
21 975541011603 2
21 975541011607 2
21 975541011611 2
21 975541011615 2
21 975541011619 2
21 975541011623 2
21 975541011627 2
21 975541011631 2
21 975541011635 2
21 975541011639 2
21 975541011643 2
21 975541011647 2
21 975541011651 2
21 975541011655 2
21 975541011659 2
21 975541011663 2
21 975541011667 2
21 975541011671 2
21 975541011675 2
21 975541011679 2
21 975541011683 2
21 975541011687 2
21 975541011691 2
21 975541011695 2
21 975541011699 2
21 975541011703 2
21 975541011707 2
21 975541011711 2
21 975541011843 2
21 975541011845 2
21 975541011851 2
21 975541011853 2
21 975541011859 2
21 975541011861 2
21 975541011867 2
21 975541011869 2
21 975541011875 2
21 975541011877 2
21 975541011883 2
21 975541011885 2
21 975541011891 2
21 975541011893 2
21 975541011899 2
21 975541011901 2
21 975541011907 2
21 975541011909 2
21 975541011915 2
21 975541011917 2
21 975541011923 2
21 975541011925 2
21 975541011931 2
21 975541011933 2
21 975541011939 31
21 975541011941 2
21 975541011947 2
21 975541011949 2
21 975541011955 2
21 975541011957 2
21 975541011963 2
21 975541011965 2
21 975541012099 2
21 975541012100 2
21 975541012107 2
21 975541012108 2
21 975541012115 2
21 975541012116 2
21 975541012123 188
21 975541012124 2
21 975541012131 2
21 975541012132 2
21 975541012139 2
21 975541012140 2
21 975541012147 2
21 975541012148 2
21 975541012155 2
21 975541012156 2
21 975541012163 2
21 975541012164 2
21 975541012171 2
21 975541012172 2
21 975541012179 2
21 975541012180 2
21 975541012187 2
21 975541012188 2
21 975541012195 15
21 975541012196 2
21 975541012203 2
21 975541012204 2
21 975541012211 2
21 975541012212 2
21 975541012219 2
21 975541012220 2
21 975541012227 146
21 975541012231 2
21 975541012235 2
21 975541012239 2
21 975541012243 2
21 975541012247 2
21 975541012251 2
21 975541012255 2
21 975541012259 2
21 975541012263 2
21 975541012267 2
21 975541012271 2
21 975541012275 2
21 975541012279 2
21 975541012283 2
21 975541012287 2
21 975541012291 2
21 975541012295 2
21 975541012299 2
21 975541012303 2
21 975541012307 2
21 975541012311 2
21 975541012315 2
21 975541012319 2
21 975541012323 360
21 975541012327 2
21 975541012331 2
21 975541012335 2
21 975541012339 2
21 975541012343 2
21 975541012347 2
21 975541012351 2
23 975541011331 2
23 975541011333 2
23 975541011339 2
23 975541011341 2
23 975541011347 2
23 975541011349 2
23 975541011355 2
23 975541011357 2
23 975541011363 2
23 975541011365 2
23 975541011371 2
23 975541011373 2
23 975541011379 2
23 975541011381 2
23 975541011387 2
23 975541011389 2
23 975541011395 2
23 975541011397 2
23 975541011403 2
23 975541011405 2
23 975541011411 2
23 975541011413 2
23 975541011419 2
23 975541011421 2
23 975541011427 2
23 975541011429 2
23 975541011435 2
23 975541011437 2
23 975541011443 2
23 975541011445 2
23 975541011451 2
23 975541011453 2
23 975541011843 2
23 975541011851 2
23 975541011859 2
23 975541011867 2
23 975541011875 2
23 975541011883 2
23 975541011891 2
23 975541011899 2
23 975541011907 2
23 975541011915 2
23 975541011923 2
23 975541011931 2
23 975541011939 2
23 975541011947 2
23 975541011955 2
23 975541011963 2
24 975541011332 4
24 975541011333 2
24 975541011335 2
24 975541011340 4
24 975541011341 2
24 975541011343 2
24 975541011348 4
24 975541011349 2
24 975541011351 4
24 975541011356 4
24 975541011357 2
24 975541011359 19
24 975541011364 4
24 975541011365 2
24 975541011367 2
24 975541011372 4
24 975541011373 2
24 975541011375 114
24 975541011380 4
24 975541011381 2
24 975541011383 2
24 975541011388 4
24 975541011389 2
24 975541011391 2
24 975541011396 4
24 975541011397 2
24 975541011399 26
24 975541011404 4
24 975541011405 2
24 975541011407 2
24 975541011412 4
24 975541011413 2
24 975541011415 16
24 975541011420 4
24 975541011421 2
24 975541011423 8
24 975541011428 4
24 975541011429 2
24 975541011431 2
24 975541011436 4
24 975541011437 2
24 975541011439 4
24 975541011444 4
24 975541011445 2
24 975541011447 2
24 975541011452 4
24 975541011453 2
24 975541011455 2
24 975541011587 2
24 975541011589 2
24 975541011595 2
24 975541011597 2
24 975541011603 2
24 975541011605 2
24 975541011611 2
24 975541011613 2
24 975541011619 2
24 975541011621 2
24 975541011627 2
24 975541011629 2
24 975541011635 2
24 975541011637 2
24 975541011643 2
24 975541011645 2
24 975541011651 2
24 975541011653 2
24 975541011659 2
24 975541011661 2
24 975541011667 2
24 975541011669 2
24 975541011675 2
24 975541011677 2
24 975541011683 2
24 975541011685 2
24 975541011691 2
24 975541011693 2
24 975541011699 2
24 975541011701 2
24 975541011707 2
24 975541011709 2
24 975541011843 2
24 975541011844 2
24 975541011851 2
24 975541011852 2
24 975541011859 2
24 975541011860 2
24 975541011867 2
24 975541011868 2
24 975541011875 2
24 975541011876 2
24 975541011883 2
24 975541011884 2
24 975541011891 2
24 975541011892 2
24 975541011899 2
24 975541011900 2
24 975541011907 2
24 975541011908 2
24 975541011915 2
24 975541011916 2
24 975541011923 2
24 975541011924 2
24 975541011931 2
24 975541011932 2
24 975541011939 2
24 975541011940 2
24 975541011947 2
24 975541011948 2
24 975541011955 2
24 975541011956 2
24 975541011963 2
24 975541011964 2
24 975541012099 2
24 975541012100 2
24 975541012107 2
24 975541012108 2
24 975541012115 2
24 975541012116 2
24 975541012123 2
24 975541012124 2
24 975541012131 2
24 975541012132 2
24 975541012139 2
24 975541012140 2
24 975541012147 2
24 975541012148 2
24 975541012155 2
24 975541012156 2
24 975541012163 2
24 975541012164 2
24 975541012171 2
24 975541012172 2
24 975541012179 5
24 975541012180 2
24 975541012187 2
24 975541012188 2
24 975541012195 2
24 975541012196 2
24 975541012203 2
24 975541012204 2
24 975541012211 2
24 975541012212 2
24 975541012219 2
24 975541012220 2
24 975541012227 2
24 975541012231 2
24 975541012235 2
24 975541012239 2
24 975541012243 3
24 975541012247 2
24 975541012251 2
24 975541012255 2
24 975541012259 2
24 975541012263 2
24 975541012267 10
24 975541012271 2
24 975541012275 3
24 975541012279 2
24 975541012283 2
24 975541012287 2
24 975541012291 5
24 975541012295 2
24 975541012299 2
24 975541012303 2
24 975541012307 7
24 975541012311 2
24 975541012315 2
24 975541012319 2
24 975541012323 10
24 975541012327 2
24 975541012331 26
24 975541012335 2
24 975541012339 2
24 975541012343 2
24 975541012347 2
24 975541012351 2
26 975541011460 2
26 975541011463 2
26 975541011468 2
26 975541011471 2
26 975541011476 2
26 975541011479 2
26 975541011484 2
26 975541011487 2
26 975541011492 2
26 975541011495 2
26 975541011500 2
26 975541011503 2
26 975541011508 2
26 975541011511 2
26 975541011516 2
26 975541011519 2
26 975541011524 2
26 975541011527 2
26 975541011532 2
26 975541011535 2
26 975541011540 2
26 975541011543 2
26 975541011548 2
26 975541011551 2
26 975541011556 2
26 975541011559 2
26 975541011564 2
26 975541011567 2
26 975541011572 2
26 975541011575 2
26 975541011580 2
26 975541011583 2
26 975541012228 2
26 975541012236 2
26 975541012244 2
26 975541012252 2
26 975541012260 2
26 975541012268 2
26 975541012276 2
26 975541012284 2
26 975541012292 2
26 975541012300 2
26 975541012308 2
26 975541012316 2
26 975541012324 2
26 975541012332 2
26 975541012340 2
26 975541012348 2
27 975541011460 2
27 975541011461 2
27 975541011463 2
27 975541011468 2
27 975541011469 2
27 975541011471 2
27 975541011476 2
27 975541011477 2
27 975541011479 2
27 975541011484 2
27 975541011485 2
27 975541011487 2
27 975541011492 2
27 975541011493 8
27 975541011495 2
27 975541011500 2
27 975541011501 3
27 975541011503 2
27 975541011508 2
27 975541011509 2
27 975541011511 2
27 975541011516 2
27 975541011517 2
27 975541011519 2
27 975541011524 2
27 975541011525 2
27 975541011527 2
27 975541011532 2
27 975541011533 2
27 975541011535 2
27 975541011540 2
27 975541011541 3
27 975541011543 2
27 975541011548 2
27 975541011549 21
27 975541011551 2
27 975541011556 2
27 975541011557 2
27 975541011559 2
27 975541011564 2
27 975541011565 2
27 975541011567 2
27 975541011572 2
27 975541011573 2
27 975541011575 2
27 975541011580 2
27 975541011581 3
27 975541011583 2
27 975541011716 2
27 975541011719 2
27 975541011724 9
27 975541011727 2
27 975541011732 2
27 975541011735 2
27 975541011740 2
27 975541011743 2
27 975541011748 2
27 975541011751 2
27 975541011756 2
27 975541011759 2
27 975541011764 2
27 975541011767 2
27 975541011772 2
27 975541011775 2
27 975541011780 2
27 975541011783 2
27 975541011788 2
27 975541011791 2
27 975541011796 2
27 975541011799 2
27 975541011804 2
27 975541011807 2
27 975541011812 2
27 975541011815 2
27 975541011820 2
27 975541011823 2
27 975541011828 2
27 975541011831 2
27 975541011836 2
27 975541011839 2
27 975541012100 4
27 975541012108 4
27 975541012116 4
27 975541012124 4
27 975541012132 4
27 975541012140 4
27 975541012148 4
27 975541012156 4
27 975541012164 4
27 975541012172 4
27 975541012180 4
27 975541012188 4
27 975541012196 4
27 975541012204 4
27 975541012212 4
27 975541012220 4
27 975541012356 2
27 975541012357 2
27 975541012364 2
27 975541012365 2
27 975541012372 2
27 975541012373 2
27 975541012380 2
27 975541012381 2
27 975541012388 11
27 975541012389 2
27 975541012396 11
27 975541012397 2
27 975541012404 2
27 975541012405 2
27 975541012412 2
27 975541012413 2
27 975541012420 2
27 975541012421 2
27 975541012428 2
27 975541012429 2
27 975541012436 7
27 975541012437 2
27 975541012444 9
27 975541012445 2
27 975541012452 2
27 975541012453 2
27 975541012460 2
27 975541012461 2
27 975541012468 4
27 975541012469 2
27 975541012476 7
27 975541012477 2
30 975541011590 4
30 975541011591 2
30 975541011598 80
30 975541011599 2
30 975541011606 4
30 975541011607 2
30 975541011614 4
30 975541011615 2
30 975541011622 4
30 975541011623 2
30 975541011630 4
30 975541011631 2
30 975541011638 4
30 975541011639 2
30 975541011646 4
30 975541011647 2
30 975541011654 4
30 975541011655 2
30 975541011662 4
30 975541011663 2
30 975541011670 4
30 975541011671 2
30 975541011678 4
30 975541011679 2
30 975541011686 4
30 975541011687 2
30 975541011694 4
30 975541011695 2
30 975541011702 4
30 975541011703 2
30 975541011710 4
30 975541011711 2
30 975541011716 2
30 975541011718 2
30 975541011724 2
30 975541011726 365
30 975541011732 2
30 975541011734 2
30 975541011740 2
30 975541011742 2
30 975541011748 2
30 975541011750 2
30 975541011756 2
30 975541011758 2
30 975541011764 2
30 975541011766 2
30 975541011772 2
30 975541011774 2
30 975541011780 2
30 975541011782 2
30 975541011788 2
30 975541011790 2
30 975541011796 2
30 975541011798 2
30 975541011804 2
30 975541011806 2
30 975541011812 2
30 975541011814 2
30 975541011820 2
30 975541011822 2
30 975541011828 2
30 975541011830 2
30 975541011836 2
30 975541011838 2
30 975541011972 2
30 975541011975 2
30 975541011980 2
30 975541011983 2
30 975541011988 2
30 975541011991 2
30 975541011996 2
30 975541011999 2
30 975541012004 2
30 975541012007 2
30 975541012012 2
30 975541012015 2
30 975541012020 2
30 975541012023 2
30 975541012028 2
30 975541012031 2
30 975541012036 317
30 975541012039 2
30 975541012044 32
30 975541012047 2
30 975541012052 2
30 975541012055 2
30 975541012060 2
30 975541012063 2
30 975541012068 2
30 975541012071 2
30 975541012076 2
30 975541012079 2
30 975541012084 2
30 975541012087 2
30 975541012092 2
30 975541012095 2
30 975541012356 2
30 975541012358 2
30 975541012364 19
30 975541012366 2
30 975541012372 2
30 975541012374 2
30 975541012380 2
30 975541012382 2
30 975541012388 2
30 975541012390 2
30 975541012396 2
30 975541012398 2
30 975541012404 45
30 975541012406 2
30 975541012412 2
30 975541012414 2
30 975541012420 2
30 975541012422 2
30 975541012428 2
30 975541012430 2
30 975541012436 2
30 975541012438 2
30 975541012444 2
30 975541012446 2
30 975541012452 2
30 975541012454 2
30 975541012460 2
30 975541012462 2
30 975541012468 2
30 975541012470 2
30 975541012476 2
30 975541012478 2
33 975541011717 4
33 975541011725 4
33 975541011733 4
33 975541011741 4
33 975541011749 4
33 975541011757 4
33 975541011765 4
33 975541011773 4
33 975541011781 4
33 975541011789 4
33 975541011797 4
33 975541011805 4
33 975541011813 4
33 975541011821 4
33 975541011829 4
33 975541011837 4
33 975541011973 4
33 975541011981 4
33 975541011989 4
33 975541011997 4
33 975541012005 4
33 975541012013 4
33 975541012021 4
33 975541012029 4
33 975541012037 4
33 975541012045 4
33 975541012053 4
33 975541012061 4
33 975541012069 4
33 975541012077 4
33 975541012085 4
33 975541012093 4
33 975541012357 4
33 975541012365 4
33 975541012373 4
33 975541012381 4
33 975541012389 4
33 975541012397 4
33 975541012405 4
33 975541012413 4
33 975541012421 4
33 975541012429 4
33 975541012437 4
33 975541012445 4
33 975541012453 4
33 975541012461 4
33 975541012469 4
33 975541012477 4
36 975541011846 2
36 975541011854 2
36 975541011862 2
36 975541011870 2
36 975541011878 2
36 975541011886 2
36 975541011894 2
36 975541011902 2
36 975541011910 2
36 975541011918 2
36 975541011926 2
36 975541011934 2
36 975541011942 2
36 975541011950 2
36 975541011958 2
36 975541011966 2
36 975541012101 2
36 975541012102 2
36 975541012109 2
36 975541012110 2
36 975541012117 2
36 975541012118 2
36 975541012125 2
36 975541012126 2
36 975541012133 2
36 975541012134 2
36 975541012141 2
36 975541012142 2
36 975541012149 2
36 975541012150 2
36 975541012157 2
36 975541012158 2
36 975541012165 2
36 975541012166 2
36 975541012173 2
36 975541012174 2
36 975541012181 2
36 975541012182 2
36 975541012189 2
36 975541012190 2
36 975541012197 2
36 975541012198 2
36 975541012205 2
36 975541012206 2
36 975541012213 2
36 975541012214 2
36 975541012221 2
36 975541012222 2
39 975541011974 2
39 975541011982 2
39 975541011990 2
39 975541011998 2
39 975541012006 2
39 975541012014 2
39 975541012022 2
39 975541012030 2
39 975541012038 2
39 975541012046 2
39 975541012054 2
39 975541012062 2
39 975541012070 2
39 975541012078 2
39 975541012086 2
39 975541012094 2
39 975541012102 4
39 975541012110 4
39 975541012118 4
39 975541012126 4
39 975541012134 4
39 975541012142 4
39 975541012150 4
39 975541012158 4
39 975541012166 4
39 975541012174 4
39 975541012182 4
39 975541012190 4
39 975541012198 4
39 975541012206 4
39 975541012214 4
39 975541012222 4
42 975541012103 2
42 975541012111 2
42 975541012119 2
42 975541012127 2
42 975541012135 2
42 975541012143 2
42 975541012151 2
42 975541012159 2
42 975541012167 2
42 975541012175 2
42 975541012183 2
42 975541012191 2
42 975541012199 2
42 975541012207 2
42 975541012215 2
42 975541012223 2
42 975541012358 2
42 975541012359 2
42 975541012366 2
42 975541012367 2
42 975541012374 2
42 975541012375 2
42 975541012382 2
42 975541012383 2
42 975541012390 2
42 975541012391 2
42 975541012398 2
42 975541012399 2
42 975541012406 2
42 975541012407 2
42 975541012414 2
42 975541012415 2
42 975541012422 2
42 975541012423 2
42 975541012430 2
42 975541012431 2
42 975541012438 2
42 975541012439 2
42 975541012446 2
42 975541012447 2
42 975541012454 2
42 975541012455 2
42 975541012462 2
42 975541012463 2
42 975541012470 2
42 975541012471 2
42 975541012478 2
42 975541012479 2
