2 975541010432 2
2 975541010438 2
2 975541010440 2
2 975541010446 2
2 975541010448 2
2 975541010454 2
2 975541010456 2
2 975541010462 2
2 975541010464 2
2 975541010470 2
2 975541010472 2
2 975541010478 2
2 975541010480 2
2 975541010486 2
2 975541010488 2
2 975541010494 2
2 975541010496 2
2 975541010502 2
2 975541010504 2
2 975541010510 2
2 975541010512 2
2 975541010518 2
2 975541010520 2
2 975541010526 2
2 975541010528 2
2 975541010534 2
2 975541010536 2
2 975541010542 2
2 975541010544 2
2 975541010550 2
2 975541010552 2
2 975541010558 2
2 975541012096 2
2 975541012104 2
2 975541012112 2
2 975541012120 2
2 975541012128 2
2 975541012136 2
2 975541012144 2
2 975541012152 2
2 975541012160 2
2 975541012168 2
2 975541012176 2
2 975541012184 2
2 975541012192 2
2 975541012200 2
2 975541012208 2
2 975541012216 2
3 975541010433 2
3 975541010435 4
3 975541010437 6
3 975541010438 16
3 975541010439 4
3 975541010441 2
3 975541010443 4
3 975541010445 6
3 975541010446 16
3 975541010447 4
3 975541010449 2
3 975541010451 4
3 975541010453 6
3 975541010454 16
3 975541010455 4
3 975541010457 2
3 975541010459 4
3 975541010461 6
3 975541010462 16
3 975541010463 4
3 975541010465 2
3 975541010467 4
3 975541010469 6
3 975541010470 16
3 975541010471 4
3 975541010473 2
3 975541010475 4
3 975541010477 6
3 975541010478 16
3 975541010479 4
3 975541010481 2
3 975541010483 4
3 975541010485 6
3 975541010486 16
3 975541010487 4
3 975541010489 2
3 975541010491 4
3 975541010493 6
3 975541010494 16
3 975541010495 4
3 975541010497 2
3 975541010499 4
3 975541010501 6
3 975541010502 16
3 975541010503 4
3 975541010505 2
3 975541010507 4
3 975541010509 6
3 975541010510 16
3 975541010511 4
3 975541010513 2
3 975541010515 4
3 975541010517 6
3 975541010518 16
3 975541010519 4
3 975541010521 2
3 975541010523 4
3 975541010525 6
3 975541010526 16
3 975541010527 4
3 975541010529 2
3 975541010531 4
3 975541010533 6
3 975541010534 16
3 975541010535 4
3 975541010537 2
3 975541010539 4
3 975541010541 6
3 975541010542 16
3 975541010543 4
3 975541010545 2
3 975541010547 4
3 975541010549 6
3 975541010550 16
3 975541010551 4
3 975541010553 2
3 975541010555 4
3 975541010557 6
3 975541010558 16
3 975541010559 4
3 975541010560 2
3 975541010566 2
3 975541010568 2
3 975541010574 2
3 975541010576 2
3 975541010582 2
3 975541010584 2
3 975541010590 2
3 975541010592 2
3 975541010598 2
3 975541010600 2
3 975541010606 2
3 975541010608 2
3 975541010614 2
3 975541010616 2
3 975541010622 2
3 975541010624 2
3 975541010630 2
3 975541010632 2
3 975541010638 2
3 975541010640 2
3 975541010646 2
3 975541010648 2
3 975541010654 2
3 975541010656 2
3 975541010662 2
3 975541010664 2
3 975541010670 2
3 975541010672 2
3 975541010678 2
3 975541010680 2
3 975541010686 2
3 975541010688 2
3 975541010694 2
3 975541010696 2
3 975541010702 2
3 975541010704 2
3 975541010710 2
3 975541010712 2
3 975541010718 2
3 975541010720 2
3 975541010726 2
3 975541010728 2
3 975541010734 2
3 975541010736 2
3 975541010742 2
3 975541010744 2
3 975541010750 2
3 975541010752 2
3 975541010758 2
3 975541010760 2
3 975541010766 2
3 975541010768 2
3 975541010774 2
3 975541010776 2
3 975541010782 2
3 975541010784 2
3 975541010790 2
3 975541010792 2
3 975541010798 2
3 975541010800 2
3 975541010806 2
3 975541010808 2
3 975541010814 2
3 975541010816 2
3 975541010822 2
3 975541010824 2
3 975541010830 2
3 975541010832 2
3 975541010838 2
3 975541010840 2
3 975541010846 2
3 975541010848 2
3 975541010854 2
3 975541010856 2
3 975541010862 2
3 975541010864 2
3 975541010870 2
3 975541010872 2
3 975541010878 2
3 975541010880 2
3 975541010886 2
3 975541010888 2
3 975541010894 2
3 975541010896 2
3 975541010902 2
3 975541010904 2
3 975541010910 2
3 975541010912 2
3 975541010918 2
3 975541010920 2
3 975541010926 2
3 975541010928 2
3 975541010934 2
3 975541010936 2
3 975541010942 2
3 975541010944 2
3 975541010950 2
3 975541010952 2
3 975541010958 2
3 975541010960 2
3 975541010966 2
3 975541010968 2
3 975541010974 2
3 975541010976 2
3 975541010982 2
3 975541010984 2
3 975541010990 2
3 975541010992 2
3 975541010998 2
3 975541011000 2
3 975541011006 2
3 975541011008 2
3 975541011014 2
3 975541011016 2
3 975541011022 2
3 975541011024 2
3 975541011030 2
3 975541011032 2
3 975541011038 2
3 975541011040 2
3 975541011046 2
3 975541011048 2
3 975541011054 2
3 975541011056 2
3 975541011062 2
3 975541011064 2
3 975541011070 2
3 975541011072 2
3 975541011078 2
3 975541011080 2
3 975541011086 2
3 975541011088 2
3 975541011094 2
3 975541011096 2
3 975541011102 2
3 975541011104 2
3 975541011110 2
3 975541011112 2
3 975541011118 2
3 975541011120 2
3 975541011126 2
3 975541011128 2
3 975541011134 2
3 975541011136 2
3 975541011142 2
3 975541011144 2
3 975541011150 2
3 975541011152 2
3 975541011158 2
3 975541011160 2
3 975541011166 2
3 975541011168 2
3 975541011174 2
3 975541011176 2
3 975541011182 2
3 975541011184 2
3 975541011190 2
3 975541011192 2
3 975541011198 2
3 975541011200 2
3 975541011206 2
3 975541011208 2
3 975541011214 2
3 975541011216 2
3 975541011222 2
3 975541011224 2
3 975541011230 2
3 975541011232 2
3 975541011238 2
3 975541011240 2
3 975541011246 2
3 975541011248 2
3 975541011254 2
3 975541011256 2
3 975541011262 2
3 975541011264 2
3 975541011270 2
3 975541011272 2
3 975541011278 2
3 975541011280 2
3 975541011286 2
3 975541011288 2
3 975541011294 2
3 975541011296 2
3 975541011302 2
3 975541011304 2
3 975541011310 2
3 975541011312 2
3 975541011318 2
3 975541011320 2
3 975541011326 2
3 975541011328 2
3 975541011334 2
3 975541011336 2
3 975541011342 2
3 975541011344 2
3 975541011350 2
3 975541011352 2
3 975541011358 2
3 975541011360 2
3 975541011366 2
3 975541011368 2
3 975541011374 2
3 975541011376 2
3 975541011382 3
3 975541011384 2
3 975541011390 2
3 975541011392 2
3 975541011398 2
3 975541011400 2
3 975541011406 2
3 975541011408 2
3 975541011414 2
3 975541011416 2
3 975541011422 7
3 975541011424 2
3 975541011430 2
3 975541011432 2
3 975541011438 2
3 975541011440 2
3 975541011446 2
3 975541011448 2
3 975541011454 2
3 975541011456 4
3 975541011461 2
3 975541011463 2
3 975541011464 4
3 975541011469 2
3 975541011471 2
3 975541011472 4
3 975541011477 2
3 975541011479 2
3 975541011480 4
3 975541011485 2
3 975541011487 2
3 975541011488 4
3 975541011493 2
3 975541011495 2
3 975541011496 4
3 975541011501 2
3 975541011503 2
3 975541011504 4
3 975541011509 2
3 975541011511 2
3 975541011512 4
3 975541011517 2
3 975541011519 2
3 975541011520 4
3 975541011525 2
3 975541011527 2
3 975541011528 4
3 975541011533 2
3 975541011535 2
3 975541011536 4
3 975541011541 2
3 975541011543 2
3 975541011544 4
3 975541011549 2
3 975541011551 2
3 975541011552 4
3 975541011557 2
3 975541011559 2
3 975541011560 4
3 975541011565 2
3 975541011567 2
3 975541011568 4
3 975541011573 2
3 975541011575 2
3 975541011576 4
3 975541011581 2
3 975541011583 2
3 975541011584 17
3 975541011587 4
3 975541011591 2
3 975541011592 9
3 975541011595 4
3 975541011599 2
3 975541011600 6
3 975541011603 4
3 975541011607 2
3 975541011608 6
3 975541011611 4
3 975541011615 2
3 975541011616 6
3 975541011619 4
3 975541011623 2
3 975541011624 6
3 975541011627 4
3 975541011631 2
3 975541011632 6
3 975541011635 4
3 975541011639 2
3 975541011640 6
3 975541011643 4
3 975541011647 2
3 975541011648 6
3 975541011651 4
3 975541011655 2
3 975541011656 6
3 975541011659 4
3 975541011663 2
3 975541011664 6
3 975541011667 4
3 975541011671 2
3 975541011672 6
3 975541011675 4
3 975541011679 2
3 975541011680 6
3 975541011683 4
3 975541011687 2
3 975541011688 6
3 975541011691 4
3 975541011695 2
3 975541011696 6
3 975541011699 4
3 975541011703 2
3 975541011704 6
3 975541011707 4
3 975541011711 2
3 975541012096 6
3 975541012101 4
3 975541012102 2
3 975541012104 6
3 975541012109 4
3 975541012110 2
3 975541012112 6
3 975541012117 4
3 975541012118 2
3 975541012120 6
3 975541012125 31
3 975541012126 2
3 975541012128 6
3 975541012133 4
3 975541012134 2
3 975541012136 6
3 975541012141 4
3 975541012142 2
3 975541012144 6
3 975541012149 4
3 975541012150 2
3 975541012152 6
3 975541012157 5
3 975541012158 2
3 975541012160 6
3 975541012165 4
3 975541012166 2
3 975541012168 6
3 975541012173 4
3 975541012174 2
3 975541012176 6
3 975541012181 4
3 975541012182 2
3 975541012184 6
3 975541012189 82
3 975541012190 2
3 975541012192 6
3 975541012197 4
3 975541012198 2
3 975541012200 6
3 975541012205 4
3 975541012206 2
3 975541012208 6
3 975541012213 4
3 975541012214 2
3 975541012216 6
3 975541012221 4
3 975541012222 2
3 975541012352 2
3 975541012353 2
3 975541012360 2
3 975541012361 2
3 975541012368 2
3 975541012369 2
3 975541012376 2
3 975541012377 2
3 975541012384 2
3 975541012385 2
3 975541012392 2
3 975541012393 2
3 975541012400 2
3 975541012401 2
3 975541012408 2
3 975541012409 2
3 975541012416 2
3 975541012417 2
3 975541012424 2
3 975541012425 2
3 975541012432 2
3 975541012433 2
3 975541012440 2
3 975541012441 2
3 975541012448 2
3 975541012449 2
3 975541012456 2
3 975541012457 2
3 975541012464 2
3 975541012465 2
3 975541012472 2
3 975541012473 2
5 975541010560 2
5 975541010561 2
5 975541010568 2
5 975541010569 2
5 975541010576 2
5 975541010577 2
5 975541010584 2
5 975541010585 2
5 975541010592 2
5 975541010593 2
5 975541010600 2
5 975541010601 2
5 975541010608 2
5 975541010609 2
5 975541010616 2
5 975541010617 2
5 975541010624 2
5 975541010625 2
5 975541010632 2
5 975541010633 2
5 975541010640 2
5 975541010641 2
5 975541010648 2
5 975541010649 2
5 975541010656 2
5 975541010657 2
5 975541010664 2
5 975541010665 2
5 975541010672 2
5 975541010673 2
5 975541010680 2
5 975541010681 2
5 975541010688 2
5 975541010696 2
5 975541010704 2
5 975541010712 2
5 975541010720 2
5 975541010728 2
5 975541010736 2
5 975541010744 2
5 975541010752 2
5 975541010760 2
5 975541010768 2
5 975541010776 2
5 975541010784 2
5 975541010792 2
5 975541010800 2
5 975541010808 2
6 975541010561 7
6 975541010562 4
6 975541010563 6
6 975541010564 2
6 975541010565 2
6 975541010566 8
6 975541010567 2
6 975541010569 16
6 975541010570 4
6 975541010571 6
6 975541010572 2
6 975541010573 2
6 975541010574 8
6 975541010575 2
6 975541010577 6
6 975541010578 4
6 975541010579 6
6 975541010580 2
6 975541010581 2
6 975541010582 8
6 975541010583 2
6 975541010585 6
6 975541010586 4
6 975541010587 6
6 975541010588 2
6 975541010589 2
6 975541010590 8
6 975541010591 2
6 975541010593 6
6 975541010594 4
6 975541010595 6
6 975541010596 2
6 975541010597 2
6 975541010598 8
6 975541010599 2
6 975541010601 6
6 975541010602 4
6 975541010603 6
6 975541010604 2
6 975541010605 2
6 975541010606 8
6 975541010607 2
6 975541010609 6
6 975541010610 4
6 975541010611 6
6 975541010612 2
6 975541010613 2
6 975541010614 8
6 975541010615 2
6 975541010617 6
6 975541010618 4
6 975541010619 6
6 975541010620 2
6 975541010621 2
6 975541010622 8
6 975541010623 2
6 975541010625 6
6 975541010626 4
6 975541010627 6
6 975541010628 9
6 975541010629 2
6 975541010630 8
6 975541010631 2
6 975541010633 6
6 975541010634 4
6 975541010635 6
6 975541010636 2
6 975541010637 2
6 975541010638 8
6 975541010639 2
6 975541010641 6
6 975541010642 4
6 975541010643 6
6 975541010644 2
6 975541010645 2
6 975541010646 8
6 975541010647 2
6 975541010649 6
6 975541010650 4
6 975541010651 6
6 975541010652 2
6 975541010653 2
6 975541010654 8
6 975541010655 2
6 975541010657 6
6 975541010658 4
6 975541010659 20
6 975541010660 2
6 975541010661 2
6 975541010662 8
6 975541010663 2
6 975541010665 6
6 975541010666 4
6 975541010667 6
6 975541010668 2
6 975541010669 2
6 975541010670 8
6 975541010671 2
6 975541010673 6
6 975541010674 4
6 975541010675 6
6 975541010676 28
6 975541010677 2
6 975541010678 8
6 975541010679 2
6 975541010681 6
6 975541010682 4
6 975541010683 6
6 975541010684 3
6 975541010685 2
6 975541010686 8
6 975541010687 2
6 975541010688 4
6 975541010689 2
6 975541010696 3
6 975541010697 2
6 975541010704 2
6 975541010705 2
6 975541010712 2
6 975541010713 2
6 975541010720 2
6 975541010721 2
6 975541010728 2
6 975541010729 2
6 975541010736 2
6 975541010737 2
6 975541010744 2
6 975541010745 2
6 975541010752 2
6 975541010753 2
6 975541010760 2
6 975541010761 2
6 975541010768 2
6 975541010769 2
6 975541010776 2
6 975541010777 2
6 975541010784 2
6 975541010785 2
6 975541010792 2
6 975541010793 2
6 975541010800 2
6 975541010801 2
6 975541010808 2
6 975541010809 2
6 975541010816 2
6 975541010818 6
6 975541010824 2
6 975541010826 5
6 975541010832 2
6 975541010834 2
6 975541010840 2
6 975541010842 5
6 975541010848 2
6 975541010850 3
6 975541010856 2
6 975541010858 5
6 975541010864 2
6 975541010866 9
6 975541010872 2
6 975541010874 2
6 975541010880 2
6 975541010882 21
6 975541010888 2
6 975541010890 10
6 975541010896 2
6 975541010898 16
6 975541010904 2
6 975541010906 19
6 975541010912 2
6 975541010914 2
6 975541010920 2
6 975541010922 6
6 975541010928 2
6 975541010930 10
6 975541010936 2
6 975541010938 4
6 975541010944 2
6 975541010946 2
6 975541010952 2
6 975541010954 2
6 975541010960 2
6 975541010962 2
6 975541010968 2
6 975541010970 2
6 975541010976 2
6 975541010978 2
6 975541010984 2
6 975541010986 2
6 975541010992 2
6 975541010994 2
6 975541011000 2
6 975541011002 2
6 975541011008 2
6 975541011010 2
6 975541011016 2
6 975541011018 2
6 975541011024 2
6 975541011026 2
6 975541011032 2
6 975541011034 2
6 975541011040 2
6 975541011042 2
6 975541011048 2
6 975541011050 2
6 975541011056 2
6 975541011058 2
6 975541011064 2
6 975541011066 2
6 975541011072 2
6 975541011075 2
6 975541011080 2
6 975541011083 2
6 975541011088 63
6 975541011091 2
6 975541011096 2
6 975541011099 2
6 975541011104 2
6 975541011107 2
6 975541011112 2
6 975541011115 2
6 975541011120 2
6 975541011123 2
6 975541011128 26
6 975541011131 2
6 975541011136 2
6 975541011139 2
6 975541011144 2
6 975541011147 2
6 975541011152 2
6 975541011155 2
6 975541011160 2
6 975541011163 2
6 975541011168 2
6 975541011171 2
6 975541011176 2
6 975541011179 2
6 975541011184 2
6 975541011187 2
6 975541011192 2
6 975541011195 2
6 975541011200 2
6 975541011203 2
6 975541011208 2
6 975541011211 2
6 975541011216 2
6 975541011219 2
6 975541011224 2
6 975541011227 2
6 975541011232 2
6 975541011235 2
6 975541011240 2
6 975541011243 2
6 975541011248 2
6 975541011251 2
6 975541011256 2
6 975541011259 2
6 975541011264 2
6 975541011267 2
6 975541011272 2
6 975541011275 2
6 975541011280 2
6 975541011283 2
6 975541011288 2
6 975541011291 2
6 975541011296 2
6 975541011299 2
6 975541011304 2
6 975541011307 2
6 975541011312 2
6 975541011315 2
6 975541011320 2
6 975541011323 2
6 975541011328 2
6 975541011332 2
6 975541011336 2
6 975541011340 2
6 975541011344 2
6 975541011348 2
6 975541011352 2
6 975541011356 2
6 975541011360 2
6 975541011364 2
6 975541011368 2
6 975541011372 2
6 975541011376 2
6 975541011380 2
6 975541011384 2
6 975541011388 2
6 975541011392 2
6 975541011396 2
6 975541011400 2
6 975541011404 2
6 975541011408 2
6 975541011412 2
6 975541011416 2
6 975541011420 2
6 975541011424 9
6 975541011428 2
6 975541011432 2
6 975541011436 2
6 975541011440 2
6 975541011444 2
6 975541011448 24
6 975541011452 2
6 975541011456 2
6 975541011462 2
6 975541011464 2
6 975541011470 2
6 975541011472 2
6 975541011478 2
6 975541011480 2
6 975541011486 2
6 975541011488 2
6 975541011494 2
6 975541011496 2
6 975541011502 2
6 975541011504 2
6 975541011510 2
6 975541011512 2
6 975541011518 2
6 975541011520 2
6 975541011526 2
6 975541011528 2
6 975541011534 2
6 975541011536 2
6 975541011542 2
6 975541011544 2
6 975541011550 2
6 975541011552 2
6 975541011558 2
6 975541011560 2
6 975541011566 2
6 975541011568 2
6 975541011574 2
6 975541011576 2
6 975541011582 2
6 975541011584 4
6 975541011585 2
6 975541011590 2
6 975541011592 4
6 975541011593 2
6 975541011598 2
6 975541011600 4
6 975541011601 2
6 975541011606 2
6 975541011608 4
6 975541011609 2
6 975541011614 2
6 975541011616 4
6 975541011617 2
6 975541011622 2
6 975541011624 4
6 975541011625 2
6 975541011630 2
6 975541011632 4
6 975541011633 2
6 975541011638 2
6 975541011640 4
6 975541011641 2
6 975541011646 2
6 975541011648 4
6 975541011649 2
6 975541011654 2
6 975541011656 4
6 975541011657 2
6 975541011662 2
6 975541011664 4
6 975541011665 2
6 975541011670 2
6 975541011672 4
6 975541011673 2
6 975541011678 2
6 975541011680 4
6 975541011681 2
6 975541011686 2
6 975541011688 4
6 975541011689 2
6 975541011694 2
6 975541011696 4
6 975541011697 2
6 975541011702 2
6 975541011704 4
6 975541011705 2
6 975541011710 2
6 975541011712 4
6 975541011713 2
6 975541011718 2
6 975541011720 4
6 975541011721 2
6 975541011726 2
6 975541011728 4
6 975541011729 2
6 975541011734 2
6 975541011736 4
6 975541011737 2
6 975541011742 2
6 975541011744 4
6 975541011745 2
6 975541011750 2
6 975541011752 4
6 975541011753 2
6 975541011758 2
6 975541011760 4
6 975541011761 2
6 975541011766 2
6 975541011768 4
6 975541011769 2
6 975541011774 2
6 975541011776 4
6 975541011777 2
6 975541011782 2
6 975541011784 4
6 975541011785 2
6 975541011790 2
6 975541011792 4
6 975541011793 2
6 975541011798 2
6 975541011800 4
6 975541011801 2
6 975541011806 2
6 975541011808 4
6 975541011809 2
6 975541011814 2
6 975541011816 4
6 975541011817 2
6 975541011822 2
6 975541011824 4
6 975541011825 2
6 975541011830 2
6 975541011832 4
6 975541011833 2
6 975541011838 2
6 975541011968 2
6 975541011971 2
6 975541011976 2
6 975541011979 2
6 975541011984 2
6 975541011987 2
6 975541011992 2
6 975541011995 2
6 975541012000 2
6 975541012003 2
6 975541012008 2
6 975541012011 2
6 975541012016 2
6 975541012019 2
6 975541012024 2
6 975541012027 2
6 975541012032 2
6 975541012035 2
6 975541012040 2
6 975541012043 2
6 975541012048 2
6 975541012051 2
6 975541012056 2
6 975541012059 2
6 975541012064 2
6 975541012067 2
6 975541012072 2
6 975541012075 2
6 975541012080 2
6 975541012083 2
6 975541012088 2
6 975541012091 2
6 975541012224 2
6 975541012231 2
6 975541012232 2
6 975541012239 2
6 975541012240 2
6 975541012247 2
6 975541012248 2
6 975541012255 2
6 975541012256 2
6 975541012263 2
6 975541012264 2
6 975541012271 2
6 975541012272 2
6 975541012279 2
6 975541012280 2
6 975541012287 2
6 975541012288 2
6 975541012295 2
6 975541012296 2
6 975541012303 2
6 975541012304 2
6 975541012311 2
6 975541012312 2
6 975541012319 2
6 975541012320 2
6 975541012327 2
6 975541012328 2
6 975541012335 2
6 975541012336 2
6 975541012343 2
6 975541012344 2
6 975541012351 2
6 975541012352 4
6 975541012357 2
6 975541012358 2
6 975541012360 4
6 975541012365 2
6 975541012366 2
6 975541012368 4
6 975541012373 2
6 975541012374 2
6 975541012376 4
6 975541012381 2
6 975541012382 2
6 975541012384 4
6 975541012389 2
6 975541012390 2
6 975541012392 4
6 975541012397 2
6 975541012398 2
6 975541012400 4
6 975541012405 2
6 975541012406 2
6 975541012408 4
6 975541012413 2
6 975541012414 2
6 975541012416 4
6 975541012421 2
6 975541012422 2
6 975541012424 4
6 975541012429 2
6 975541012430 2
6 975541012432 4
6 975541012437 2
6 975541012438 2
6 975541012440 4
6 975541012445 2
6 975541012446 2
6 975541012448 4
6 975541012453 2
6 975541012454 2
6 975541012456 4
6 975541012461 2
6 975541012462 2
6 975541012464 4
6 975541012469 2
6 975541012470 2
6 975541012472 4
6 975541012477 2
6 975541012478 2
8 975541010689 2
8 975541010694 2
8 975541010697 2
8 975541010702 2
8 975541010705 2
8 975541010710 2
8 975541010713 2
8 975541010718 2
8 975541010721 2
8 975541010726 2
8 975541010729 2
8 975541010734 2
8 975541010737 2
8 975541010742 2
8 975541010745 2
8 975541010750 2
8 975541010753 2
8 975541010758 2
8 975541010761 2
8 975541010766 2
8 975541010769 2
8 975541010774 2
8 975541010777 2
8 975541010782 2
8 975541010785 2
8 975541010790 2
8 975541010793 2
8 975541010798 2
8 975541010801 2
8 975541010806 2
8 975541010809 2
8 975541010814 2
8 975541012097 2
8 975541012105 2
8 975541012113 2
8 975541012121 2
8 975541012129 2
8 975541012137 2
8 975541012145 2
8 975541012153 2
8 975541012161 2
8 975541012169 2
8 975541012177 2
8 975541012185 2
8 975541012193 2
8 975541012201 2
8 975541012209 2
8 975541012217 2
9 975541010690 4
9 975541010691 4
9 975541010692 2
9 975541010693 4
9 975541010694 2
9 975541010695 6
9 975541010698 4
9 975541010699 4
9 975541010700 2
9 975541010701 16
9 975541010702 2
9 975541010703 6
9 975541010706 4
9 975541010707 4
9 975541010708 2
9 975541010709 4
9 975541010710 2
9 975541010711 6
9 975541010714 4
9 975541010715 4
9 975541010716 2
9 975541010717 4
9 975541010718 2
9 975541010719 6
9 975541010722 4
9 975541010723 4
9 975541010724 2
9 975541010725 4
9 975541010726 2
9 975541010727 6
9 975541010730 4
9 975541010731 4
9 975541010732 2
9 975541010733 4
9 975541010734 2
9 975541010735 6
9 975541010738 4
9 975541010739 4
9 975541010740 2
9 975541010741 4
9 975541010742 2
9 975541010743 6
9 975541010746 4
9 975541010747 4
9 975541010748 2
9 975541010749 4
9 975541010750 2
9 975541010751 6
9 975541010754 4
9 975541010755 4
9 975541010756 2
9 975541010757 4
9 975541010758 2
9 975541010759 6
9 975541010762 4
9 975541010763 4
9 975541010764 2
9 975541010765 4
9 975541010766 2
9 975541010767 6
9 975541010770 4
9 975541010771 4
9 975541010772 2
9 975541010773 4
9 975541010774 2
9 975541010775 6
9 975541010778 4
9 975541010779 4
9 975541010780 2
9 975541010781 4
9 975541010782 2
9 975541010783 6
9 975541010786 4
9 975541010787 86
9 975541010788 2
9 975541010789 4
9 975541010790 2
9 975541010791 6
9 975541010794 4
9 975541010795 4
9 975541010796 2
9 975541010797 4
9 975541010798 2
9 975541010799 6
9 975541010802 4
9 975541010803 4
9 975541010804 2
9 975541010805 4
9 975541010806 2
9 975541010807 6
9 975541010810 4
9 975541010811 4
9 975541010812 2
9 975541010813 4
9 975541010814 2
9 975541010815 6
9 975541010817 2
9 975541010823 2
9 975541010825 2
9 975541010831 2
9 975541010833 2
9 975541010839 2
9 975541010841 2
9 975541010847 2
9 975541010849 2
9 975541010855 2
9 975541010857 2
9 975541010863 2
9 975541010865 2
9 975541010871 2
9 975541010873 2
9 975541010879 2
9 975541010881 2
9 975541010887 2
9 975541010889 2
9 975541010895 2
9 975541010897 2
9 975541010903 2
9 975541010905 2
9 975541010911 2
9 975541010913 2
9 975541010919 2
9 975541010921 2
9 975541010927 2
9 975541010929 2
9 975541010935 2
9 975541010937 2
9 975541010943 2
9 975541011073 2
9 975541011074 2
9 975541011081 2
9 975541011082 2
9 975541011089 2
9 975541011090 2
9 975541011097 2
9 975541011098 2
9 975541011105 2
9 975541011106 2
9 975541011113 2
9 975541011114 2
9 975541011121 2
9 975541011122 2
9 975541011129 2
9 975541011130 2
9 975541011137 2
9 975541011138 2
9 975541011145 2
9 975541011146 2
9 975541011153 2
9 975541011154 2
9 975541011161 2
9 975541011162 2
9 975541011169 2
9 975541011170 2
9 975541011177 2
9 975541011178 2
9 975541011185 2
9 975541011186 2
9 975541011193 2
9 975541011194 2
9 975541011201 2
9 975541011203 2
9 975541011209 2
9 975541011211 2
9 975541011217 2
9 975541011219 2
9 975541011225 2
9 975541011227 2
9 975541011233 2
9 975541011235 2
9 975541011241 2
9 975541011243 2
9 975541011249 2
9 975541011251 2
9 975541011257 2
9 975541011259 2
9 975541011265 2
9 975541011267 2
9 975541011273 2
9 975541011275 2
9 975541011281 303
9 975541011283 2
9 975541011289 2
9 975541011291 46
9 975541011297 2
9 975541011299 2
9 975541011305 2
9 975541011307 2
9 975541011313 2
9 975541011315 2
9 975541011321 2
9 975541011323 2
9 975541011329 2
9 975541011332 2
9 975541011337 2
9 975541011340 2
9 975541011345 2
9 975541011348 2
9 975541011353 2
9 975541011356 2
9 975541011361 2
9 975541011364 2
9 975541011369 2
9 975541011372 2
9 975541011377 2
9 975541011380 2
9 975541011385 2
9 975541011388 2
9 975541011393 100
9 975541011396 2
9 975541011401 2
9 975541011404 2
9 975541011409 2
9 975541011412 2
9 975541011417 2
9 975541011420 2
9 975541011425 2
9 975541011428 2
9 975541011433 2
9 975541011436 2
9 975541011441 2
9 975541011444 2
9 975541011449 2
9 975541011452 2
9 975541011457 2
9 975541011461 2
9 975541011465 2
9 975541011469 2
9 975541011473 2
9 975541011477 2
9 975541011481 2
9 975541011485 2
9 975541011489 6
9 975541011493 2
9 975541011497 2
9 975541011501 2
9 975541011505 234
9 975541011509 2
9 975541011513 2
9 975541011517 2
9 975541011521 2
9 975541011525 2
9 975541011529 2
9 975541011533 2
9 975541011537 2
9 975541011541 2
9 975541011545 2
9 975541011549 2
9 975541011553 2
9 975541011557 2
9 975541011561 2
9 975541011565 2
9 975541011569 2
9 975541011573 2
9 975541011577 2
9 975541011581 2
9 975541011585 2
9 975541011590 2
9 975541011593 2
9 975541011598 2
9 975541011601 2
9 975541011606 2
9 975541011609 2
9 975541011614 2
9 975541011617 2
9 975541011622 2
9 975541011625 2
9 975541011630 2
9 975541011633 2
9 975541011638 2
9 975541011641 2
9 975541011646 2
9 975541011649 2
9 975541011654 2
9 975541011657 2
9 975541011662 2
9 975541011665 2
9 975541011670 2
9 975541011673 2
9 975541011678 2
9 975541011681 2
9 975541011686 2
9 975541011689 2
9 975541011694 2
9 975541011697 2
9 975541011702 2
9 975541011705 2
9 975541011710 2
9 975541011713 4
9 975541011714 2
9 975541011717 2
9 975541011721 4
9 975541011722 2
9 975541011725 2
9 975541011729 4
9 975541011730 2
9 975541011733 2
9 975541011737 4
9 975541011738 2
9 975541011741 2
9 975541011745 4
9 975541011746 2
9 975541011749 2
9 975541011753 4
9 975541011754 2
9 975541011757 2
9 975541011761 4
9 975541011762 2
9 975541011765 2
9 975541011769 4
9 975541011770 2
9 975541011773 2
9 975541011777 4
9 975541011778 2
9 975541011781 2
9 975541011785 4
9 975541011786 2
9 975541011789 2
9 975541011793 4
9 975541011794 2
9 975541011797 2
9 975541011801 4
9 975541011802 2
9 975541011805 2
9 975541011809 4
9 975541011810 2
9 975541011813 2
9 975541011817 4
9 975541011818 2
9 975541011821 2
9 975541011825 4
9 975541011826 2
9 975541011829 2
9 975541011833 4
9 975541011834 2
9 975541011837 2
9 975541011841 2
9 975541011843 2
9 975541011849 2
9 975541011851 2
9 975541011857 2
9 975541011859 2
9 975541011865 2
9 975541011867 2
9 975541011873 2
9 975541011875 2
9 975541011881 2
9 975541011883 2
9 975541011889 2
9 975541011891 2
9 975541011897 2
9 975541011899 2
9 975541011905 2
9 975541011907 2
9 975541011913 2
9 975541011915 2
9 975541011921 2
9 975541011923 2
9 975541011929 2
9 975541011931 2
9 975541011937 2
9 975541011939 2
9 975541011945 2
9 975541011947 2
9 975541011953 2
9 975541011955 2
9 975541011961 2
9 975541011963 2
9 975541011969 2
9 975541011975 2
9 975541011977 2
9 975541011983 2
9 975541011985 2
9 975541011991 2
9 975541011993 2
9 975541011999 2
9 975541012001 2
9 975541012007 2
9 975541012009 2
9 975541012015 2
9 975541012017 2
9 975541012023 2
9 975541012025 2
9 975541012031 2
9 975541012033 2
9 975541012039 2
9 975541012041 2
9 975541012047 2
9 975541012049 2
9 975541012055 2
9 975541012057 2
9 975541012063 2
9 975541012065 2
9 975541012071 2
9 975541012073 2
9 975541012079 2
9 975541012081 2
9 975541012087 2
9 975541012089 2
9 975541012095 2
9 975541012225 2
9 975541012231 2
9 975541012233 2
9 975541012239 2
9 975541012241 2
9 975541012247 2
9 975541012249 2
9 975541012255 2
9 975541012257 2
9 975541012263 2
9 975541012265 2
9 975541012271 2
9 975541012273 2
9 975541012279 2
9 975541012281 2
9 975541012287 2
9 975541012289 2
9 975541012295 2
9 975541012297 2
9 975541012303 2
9 975541012305 2
9 975541012311 2
9 975541012313 2
9 975541012319 2
9 975541012321 2
9 975541012327 2
9 975541012329 2
9 975541012335 2
9 975541012337 2
9 975541012343 2
9 975541012345 2
9 975541012351 2
11 975541010817 2
11 975541010818 2
11 975541010825 2
11 975541010826 2
11 975541010833 2
11 975541010834 2
11 975541010841 2
11 975541010842 2
11 975541010849 2
11 975541010850 2
11 975541010857 2
11 975541010858 2
11 975541010865 2
11 975541010866 2
11 975541010873 2
11 975541010874 2
11 975541010881 2
11 975541010882 2
11 975541010889 2
11 975541010890 2
11 975541010897 2
11 975541010898 2
11 975541010905 2
11 975541010906 2
11 975541010913 2
11 975541010914 2
11 975541010921 2
11 975541010922 2
11 975541010929 2
11 975541010930 2
11 975541010937 2
11 975541010938 2
11 975541011073 2
11 975541011081 2
11 975541011089 2
11 975541011097 2
11 975541011105 2
11 975541011113 2
11 975541011121 2
11 975541011129 2
11 975541011137 2
11 975541011145 2
11 975541011153 2
11 975541011161 2
11 975541011169 2
11 975541011177 2
11 975541011185 2
11 975541011193 2
12 975541010818 4
12 975541010820 6
12 975541010821 4
12 975541010823 2
12 975541010826 4
12 975541010828 5
12 975541010829 4
12 975541010831 2
12 975541010834 4
12 975541010836 57
12 975541010837 4
12 975541010839 2
12 975541010842 4
12 975541010844 17
12 975541010845 4
12 975541010847 2
12 975541010850 4
12 975541010852 4
12 975541010853 4
12 975541010855 2
12 975541010858 4
12 975541010860 4
12 975541010861 4
12 975541010863 2
12 975541010866 4
12 975541010868 30
12 975541010869 4
12 975541010871 2
12 975541010874 4
12 975541010876 54
12 975541010877 4
12 975541010879 2
12 975541010882 4
12 975541010884 4
12 975541010885 4
12 975541010887 2
12 975541010890 4
12 975541010892 4
12 975541010893 4
12 975541010895 2
12 975541010898 17
12 975541010900 4
12 975541010901 41
12 975541010903 2
12 975541010906 6
12 975541010908 4
12 975541010909 134
12 975541010911 2
12 975541010914 6
12 975541010916 4
12 975541010917 34
12 975541010919 2
12 975541010922 10
12 975541010924 4
12 975541010925 4
12 975541010927 2
12 975541010930 20
12 975541010932 4
12 975541010933 144
12 975541010935 2
12 975541010938 6
12 975541010940 4
12 975541010941 4
12 975541010943 2
12 975541010945 2
12 975541010948 2
12 975541010953 2
12 975541010956 2
12 975541010961 2
12 975541010964 2
12 975541010969 2
12 975541010972 2
12 975541010977 2
12 975541010980 2
12 975541010985 2
12 975541010988 2
12 975541010993 2
12 975541010996 2
12 975541011001 2
12 975541011004 2
12 975541011009 2
12 975541011012 2
12 975541011017 2
12 975541011020 2
12 975541011025 2
12 975541011028 2
12 975541011033 2
12 975541011036 2
12 975541011041 2
12 975541011044 2
12 975541011049 2
12 975541011052 2
12 975541011057 2
12 975541011060 2
12 975541011065 2
12 975541011068 2
12 975541011073 2
12 975541011077 2
12 975541011081 2
12 975541011085 2
12 975541011089 2
12 975541011093 2
12 975541011097 2
12 975541011101 2
12 975541011105 2
12 975541011109 2
12 975541011113 2
12 975541011117 2
12 975541011121 2
12 975541011125 2
12 975541011129 2
12 975541011133 2
12 975541011137 2
12 975541011141 324
12 975541011145 2
12 975541011149 2
12 975541011153 54
12 975541011157 2
12 975541011161 2
12 975541011165 2
12 975541011169 69
12 975541011173 2
12 975541011177 2
12 975541011181 2
12 975541011185 2
12 975541011189 2
12 975541011193 2
12 975541011197 2
12 975541011201 2
12 975541011207 2
12 975541011209 2
12 975541011215 71
12 975541011217 2
12 975541011223 2
12 975541011225 2
12 975541011231 201
12 975541011233 2
12 975541011239 2
12 975541011241 2
12 975541011247 2
12 975541011249 2
12 975541011255 2
12 975541011257 2
12 975541011263 32
12 975541011265 2
12 975541011271 2
12 975541011273 2
12 975541011279 2
12 975541011281 2
12 975541011287 2
12 975541011289 2
12 975541011295 2
12 975541011297 2
12 975541011303 2
12 975541011305 2
12 975541011311 2
12 975541011313 2
12 975541011319 2
12 975541011321 2
12 975541011327 2
12 975541011457 2
12 975541011458 2
12 975541011465 2
12 975541011466 2
12 975541011473 2
12 975541011474 2
12 975541011481 2
12 975541011482 2
12 975541011489 2
12 975541011490 2
12 975541011497 2
12 975541011498 2
12 975541011505 2
12 975541011506 2
12 975541011513 2
12 975541011514 2
12 975541011521 2
12 975541011522 2
12 975541011529 2
12 975541011530 2
12 975541011537 26
12 975541011538 2
12 975541011545 4
12 975541011546 2
12 975541011553 27
12 975541011554 2
12 975541011561 2
12 975541011562 2
12 975541011569 7
12 975541011570 2
12 975541011577 9
12 975541011578 2
12 975541011585 2
12 975541011588 2
12 975541011593 2
12 975541011596 2
12 975541011601 2
12 975541011604 2
12 975541011609 2
12 975541011612 2
12 975541011617 2
12 975541011620 2
12 975541011625 2
12 975541011628 2
12 975541011633 21
12 975541011636 2
12 975541011641 17
12 975541011644 2
12 975541011649 2
12 975541011652 2
12 975541011657 2
12 975541011660 2
12 975541011665 2
12 975541011668 2
12 975541011673 2
12 975541011676 2
12 975541011681 503
12 975541011684 2
12 975541011689 29
12 975541011692 2
12 975541011697 2
12 975541011700 2
12 975541011705 2
12 975541011708 2
12 975541011713 2
12 975541011717 2
12 975541011721 2
12 975541011725 2
12 975541011729 46
12 975541011733 2
12 975541011737 2
12 975541011741 2
12 975541011745 2
12 975541011749 2
12 975541011753 2
12 975541011757 2
12 975541011761 2
12 975541011765 2
12 975541011769 2
12 975541011773 2
12 975541011777 2
12 975541011781 2
12 975541011785 2
12 975541011789 2
12 975541011793 2
12 975541011797 2
12 975541011801 2
12 975541011805 2
12 975541011809 2
12 975541011813 2
12 975541011817 2
12 975541011821 2
12 975541011825 2
12 975541011829 2
12 975541011833 2
12 975541011837 2
12 975541012225 2
12 975541012226 2
12 975541012233 2
12 975541012234 2
12 975541012241 2
12 975541012242 2
12 975541012249 2
12 975541012250 2
12 975541012257 2
12 975541012258 2
12 975541012265 2
12 975541012266 2
12 975541012273 2
12 975541012274 2
12 975541012281 2
12 975541012282 2
12 975541012289 2
12 975541012290 2
12 975541012297 2
12 975541012298 2
12 975541012305 2
12 975541012306 2
12 975541012313 2
12 975541012314 2
12 975541012321 2
12 975541012322 2
12 975541012329 2
12 975541012330 2
12 975541012337 2
12 975541012338 2
12 975541012345 2
12 975541012346 2
14 975541010946 2
14 975541010951 2
14 975541010954 2
14 975541010959 2
14 975541010962 2
14 975541010967 2
14 975541010970 2
14 975541010975 2
14 975541010978 2
14 975541010983 2
14 975541010986 2
14 975541010991 2
14 975541010994 2
14 975541010999 2
14 975541011002 2
14 975541011007 2
14 975541011010 2
14 975541011015 2
14 975541011018 2
14 975541011023 2
14 975541011026 2
14 975541011031 2
14 975541011034 2
14 975541011039 2
14 975541011042 2
14 975541011047 2
14 975541011050 2
14 975541011055 2
14 975541011058 2
14 975541011063 2
14 975541011066 2
14 975541011071 2
14 975541012354 2
14 975541012362 2
14 975541012370 2
14 975541012378 2
14 975541012386 2
14 975541012394 2
14 975541012402 2
14 975541012410 2
14 975541012418 2
14 975541012426 2
14 975541012434 2
14 975541012442 2
14 975541012450 2
14 975541012458 2
14 975541012466 2
14 975541012474 2
15 975541010946 4
15 975541010947 2
15 975541010948 9
15 975541010950 6
15 975541010954 4
15 975541010955 2
15 975541010956 6
15 975541010958 6
15 975541010962 4
15 975541010963 7
15 975541010964 6
15 975541010966 6
15 975541010970 4
15 975541010971 6
15 975541010972 6
15 975541010974 6
15 975541010978 4
15 975541010979 2
15 975541010980 6
15 975541010982 6
15 975541010986 4
15 975541010987 6
15 975541010988 6
15 975541010990 6
15 975541010994 4
15 975541010995 2
15 975541010996 6
15 975541010998 6
15 975541011002 4
15 975541011003 33
15 975541011004 6
15 975541011006 33
15 975541011010 4
15 975541011011 2
15 975541011012 6
15 975541011014 6
15 975541011018 4
15 975541011019 2
15 975541011020 6
15 975541011022 6
15 975541011026 4
15 975541011027 7
15 975541011028 6
15 975541011030 6
15 975541011034 4
15 975541011035 5
15 975541011036 6
15 975541011038 6
15 975541011042 4
15 975541011043 13
15 975541011044 6
15 975541011046 6
15 975541011050 4
15 975541011051 13
15 975541011052 6
15 975541011054 43
15 975541011058 4
15 975541011059 2
15 975541011060 6
15 975541011062 6
15 975541011066 4
15 975541011067 2
15 975541011068 6
15 975541011070 12
15 975541011202 4
15 975541011204 2
15 975541011210 5
15 975541011212 2
15 975541011218 2
15 975541011220 2
15 975541011226 2
15 975541011228 2
15 975541011234 2
15 975541011236 2
15 975541011242 2
15 975541011244 2
15 975541011250 2
15 975541011252 2
15 975541011258 2
15 975541011260 2
15 975541011266 2
15 975541011268 2
15 975541011274 2
15 975541011276 2
15 975541011282 2
15 975541011284 2
15 975541011290 2
15 975541011292 2
15 975541011298 2
15 975541011300 2
15 975541011306 2
15 975541011308 2
15 975541011314 2
15 975541011316 2
15 975541011322 2
15 975541011324 2
15 975541011330 2
15 975541011334 11
15 975541011338 2
15 975541011342 17
15 975541011346 2
15 975541011350 10
15 975541011354 2
15 975541011358 4
15 975541011362 2
15 975541011366 4
15 975541011370 2
15 975541011374 8
15 975541011378 2
15 975541011382 2
15 975541011386 2
15 975541011390 3
15 975541011394 2
15 975541011398 4
15 975541011402 2
15 975541011406 5
15 975541011410 2
15 975541011414 2
15 975541011418 2
15 975541011422 2
15 975541011426 2
15 975541011430 2
15 975541011434 2
15 975541011438 2
15 975541011442 2
15 975541011446 25
15 975541011450 2
15 975541011454 10
15 975541011586 4
15 975541011594 4
15 975541011602 4
15 975541011610 4
15 975541011618 4
15 975541011626 4
15 975541011634 4
15 975541011642 4
15 975541011650 4
15 975541011658 4
15 975541011666 4
15 975541011674 4
15 975541011682 4
15 975541011690 4
15 975541011698 4
15 975541011706 4
15 975541011714 2
15 975541011716 2
15 975541011722 2
15 975541011724 2
15 975541011730 2
15 975541011732 2
15 975541011738 2
15 975541011740 2
15 975541011746 5
15 975541011748 2
15 975541011754 2
15 975541011756 2
15 975541011762 2
15 975541011764 2
15 975541011770 2
15 975541011772 2
15 975541011778 2
15 975541011780 2
15 975541011786 2
15 975541011788 2
15 975541011794 3
15 975541011796 2
15 975541011802 5
15 975541011804 2
15 975541011810 3
15 975541011812 2
15 975541011818 2
15 975541011820 2
15 975541011826 2
15 975541011828 2
15 975541011834 2
15 975541011836 2
15 975541011842 2
15 975541011846 2
15 975541011850 2
15 975541011854 2
15 975541011858 14
15 975541011862 2
15 975541011866 2
15 975541011870 2
15 975541011874 2
15 975541011878 2
15 975541011882 2
15 975541011886 2
15 975541011890 2
15 975541011894 2
15 975541011898 7
15 975541011902 2
15 975541011906 2
15 975541011910 101
15 975541011914 2
15 975541011918 2
15 975541011922 2
15 975541011926 2
15 975541011930 2
15 975541011934 2
15 975541011938 2
15 975541011942 2
15 975541011946 2
15 975541011950 2
15 975541011954 2
15 975541011958 2
15 975541011962 2
15 975541011966 2
15 975541012098 4
15 975541012099 2
15 975541012100 2
15 975541012106 4
15 975541012107 2
15 975541012108 2
15 975541012114 21
15 975541012115 2
15 975541012116 2
15 975541012122 10
15 975541012123 2
15 975541012124 2
15 975541012130 4
15 975541012131 2
15 975541012132 2
15 975541012138 4
15 975541012139 2
15 975541012140 2
15 975541012146 4
15 975541012147 2
15 975541012148 2
15 975541012154 9
15 975541012155 2
15 975541012156 2
15 975541012162 5
15 975541012163 2
15 975541012164 2
15 975541012170 4
15 975541012171 2
15 975541012172 2
15 975541012178 5
15 975541012179 2
15 975541012180 2
15 975541012186 17
15 975541012187 2
15 975541012188 2
15 975541012194 15
15 975541012195 2
15 975541012196 2
15 975541012202 11
15 975541012203 2
15 975541012204 2
15 975541012210 4
15 975541012211 2
15 975541012212 2
15 975541012218 4
15 975541012219 2
15 975541012220 2
15 975541012226 2
15 975541012230 2
15 975541012234 2
15 975541012238 2
15 975541012242 2
15 975541012246 2
15 975541012250 2
15 975541012254 2
15 975541012258 2
15 975541012262 2
15 975541012266 2
15 975541012270 2
15 975541012274 2
15 975541012278 2
15 975541012282 2
15 975541012286 2
15 975541012290 2
15 975541012294 2
15 975541012298 2
15 975541012302 2
15 975541012306 2
15 975541012310 2
15 975541012314 2
15 975541012318 2
15 975541012322 2
15 975541012326 2
15 975541012330 2
15 975541012334 2
15 975541012338 2
15 975541012342 2
15 975541012346 2
15 975541012350 2
15 975541012354 4
15 975541012362 4
15 975541012370 4
15 975541012378 4
15 975541012386 4
15 975541012394 4
15 975541012402 4
15 975541012410 4
15 975541012418 4
15 975541012426 4
15 975541012434 4
15 975541012442 4
15 975541012450 4
15 975541012458 4
15 975541012466 4
15 975541012474 4
17 975541011074 2
17 975541011078 2
17 975541011082 2
17 975541011086 2
17 975541011090 2
17 975541011094 2
17 975541011098 2
17 975541011102 2
17 975541011106 2
17 975541011110 2
17 975541011114 2
17 975541011118 2
17 975541011122 2
17 975541011126 2
17 975541011130 2
17 975541011134 2
17 975541011138 2
17 975541011142 2
17 975541011146 2
17 975541011150 2
17 975541011154 2
17 975541011158 2
17 975541011162 2
17 975541011166 2
17 975541011170 2
17 975541011174 2
17 975541011178 2
17 975541011182 2
17 975541011186 2
17 975541011190 2
17 975541011194 2
17 975541011198 2
17 975541011970 2
17 975541011978 2
17 975541011986 2
17 975541011994 2
17 975541012002 2
17 975541012010 2
17 975541012018 2
17 975541012026 2
17 975541012034 2
17 975541012042 2
17 975541012050 2
17 975541012058 2
17 975541012066 2
17 975541012074 2
17 975541012082 2
17 975541012090 2
18 975541011075 6
18 975541011077 2
18 975541011078 6
18 975541011083 6
18 975541011085 2
18 975541011086 6
18 975541011091 6
18 975541011093 2
18 975541011094 6
18 975541011099 6
18 975541011101 2
18 975541011102 6
18 975541011107 6
18 975541011109 2
18 975541011110 6
18 975541011115 6
18 975541011117 2
18 975541011118 6
18 975541011123 6
18 975541011125 2
18 975541011126 6
18 975541011131 6
18 975541011133 2
18 975541011134 6
18 975541011139 6
18 975541011141 2
18 975541011142 6
18 975541011147 6
18 975541011149 2
18 975541011150 6
18 975541011155 6
18 975541011157 2
18 975541011158 6
18 975541011163 6
18 975541011165 2
18 975541011166 6
18 975541011171 6
18 975541011173 2
18 975541011174 6
18 975541011179 6
18 975541011181 2
18 975541011182 6
18 975541011187 6
18 975541011189 2
18 975541011190 6
18 975541011195 6
18 975541011197 2
18 975541011198 6
18 975541011330 2
18 975541011331 2
18 975541011338 2
18 975541011339 2
18 975541011346 2
18 975541011347 2
18 975541011354 2
18 975541011355 2
18 975541011362 2
18 975541011363 2
18 975541011370 2
18 975541011371 2
18 975541011378 2
18 975541011379 2
18 975541011386 2
18 975541011387 2
18 975541011394 2
18 975541011395 2
18 975541011402 2
18 975541011403 2
18 975541011410 2
18 975541011411 2
18 975541011418 2
18 975541011419 2
18 975541011426 2
18 975541011427 2
18 975541011434 2
18 975541011435 2
18 975541011442 2
18 975541011443 2
18 975541011450 2
18 975541011451 2
18 975541011458 2
18 975541011462 2
18 975541011466 2
18 975541011470 2
18 975541011474 2
18 975541011478 2
18 975541011482 2
18 975541011486 2
18 975541011490 2
18 975541011494 2
18 975541011498 2
18 975541011502 2
18 975541011506 2
18 975541011510 2
18 975541011514 2
18 975541011518 2
18 975541011522 2
18 975541011526 2
18 975541011530 2
18 975541011534 2
18 975541011538 2
18 975541011542 2
18 975541011546 2
18 975541011550 2
18 975541011554 2
18 975541011558 2
18 975541011562 2
18 975541011566 2
18 975541011570 2
18 975541011574 2
18 975541011578 2
18 975541011582 2
18 975541011714 2
18 975541011715 2
18 975541011722 2
18 975541011723 2
18 975541011730 2
18 975541011731 2
18 975541011738 2
18 975541011739 2
18 975541011746 2
18 975541011747 2
18 975541011754 2
18 975541011755 2
18 975541011762 2
18 975541011763 2
18 975541011770 2
18 975541011771 2
18 975541011778 2
18 975541011779 2
18 975541011786 2
18 975541011787 2
18 975541011794 2
18 975541011795 2
18 975541011802 2
18 975541011803 2
18 975541011810 2
18 975541011811 2
18 975541011818 2
18 975541011819 2
18 975541011826 2
18 975541011827 2
18 975541011834 2
18 975541011835 2
18 975541011842 2
18 975541011846 2
18 975541011850 2
18 975541011854 2
18 975541011858 2
18 975541011862 2
18 975541011866 2
18 975541011870 2
18 975541011874 2
18 975541011878 2
18 975541011882 2
18 975541011886 2
18 975541011890 2
18 975541011894 2
18 975541011898 2
18 975541011902 2
18 975541011906 2
18 975541011910 2
18 975541011914 2
18 975541011918 2
18 975541011922 2
18 975541011926 2
18 975541011930 2
18 975541011934 2
18 975541011938 2
18 975541011942 2
18 975541011946 2
18 975541011950 2
18 975541011954 2
18 975541011958 2
18 975541011962 2
18 975541011966 2
18 975541012098 2
18 975541012099 2
18 975541012106 2
18 975541012107 2
18 975541012114 2
18 975541012115 2
18 975541012122 2
18 975541012123 2
18 975541012130 2
18 975541012131 2
18 975541012138 2
18 975541012139 2
18 975541012146 2
18 975541012147 2
18 975541012154 2
18 975541012155 2
18 975541012162 2
18 975541012163 2
18 975541012170 2
18 975541012171 2
18 975541012178 2
18 975541012179 2
18 975541012186 2
18 975541012187 2
18 975541012194 2
18 975541012195 2
18 975541012202 2
18 975541012203 2
18 975541012210 2
18 975541012211 2
18 975541012218 2
18 975541012219 2
18 975541012226 2
18 975541012230 2
18 975541012234 2
18 975541012238 2
18 975541012242 2
18 975541012246 2
18 975541012250 2
18 975541012254 2
18 975541012258 2
18 975541012262 2
18 975541012266 2
18 975541012270 2
18 975541012274 2
18 975541012278 2
18 975541012282 2
18 975541012286 2
18 975541012290 2
18 975541012294 2
18 975541012298 2
18 975541012302 2
18 975541012306 2
18 975541012310 2
18 975541012314 2
18 975541012318 2
18 975541012322 2
18 975541012326 2
18 975541012330 2
18 975541012334 2
18 975541012338 2
18 975541012342 2
18 975541012346 2
18 975541012350 2
18 975541012354 2
18 975541012357 2
18 975541012362 2
18 975541012365 2
18 975541012370 2
18 975541012373 2
18 975541012378 2
18 975541012381 2
18 975541012386 2
18 975541012389 2
18 975541012394 2
18 975541012397 2
18 975541012402 2
18 975541012405 2
18 975541012410 2
18 975541012413 2
18 975541012418 2
18 975541012421 2
18 975541012426 2
18 975541012429 2
18 975541012434 2
18 975541012437 2
18 975541012442 2
18 975541012445 2
18 975541012450 2
18 975541012453 2
18 975541012458 2
18 975541012461 2
18 975541012466 2
18 975541012469 2
18 975541012474 2
18 975541012477 2
20 975541011203 2
20 975541011204 2
20 975541011211 2
20 975541011212 2
20 975541011219 2
20 975541011220 2
20 975541011227 2
20 975541011228 2
20 975541011235 2
20 975541011236 2
20 975541011243 2
20 975541011244 2
20 975541011251 2
20 975541011252 2
20 975541011259 2
20 975541011260 2
20 975541011267 2
20 975541011268 2
20 975541011275 2
20 975541011276 2
20 975541011283 2
20 975541011284 2
20 975541011291 2
20 975541011292 2
20 975541011299 2
20 975541011300 2
20 975541011307 2
20 975541011308 2
20 975541011315 2
20 975541011316 2
20 975541011323 2
20 975541011324 2
20 975541011587 2
20 975541011595 2
20 975541011603 2
20 975541011611 2
20 975541011619 2
20 975541011627 2
20 975541011635 2
20 975541011643 2
20 975541011651 2
20 975541011659 2
20 975541011667 2
20 975541011675 2
20 975541011683 2
20 975541011691 2
20 975541011699 2
20 975541011707 2
21 975541011204 2
21 975541011206 4
21 975541011207 155
21 975541011212 2
21 975541011214 4
21 975541011215 4
21 975541011220 2
21 975541011222 4
21 975541011223 4
21 975541011228 2
21 975541011230 4
21 975541011231 4
21 975541011236 2
21 975541011238 4
21 975541011239 4
21 975541011244 2
21 975541011246 4
21 975541011247 4
21 975541011252 2
21 975541011254 4
21 975541011255 4
21 975541011260 2
21 975541011262 4
21 975541011263 4
21 975541011268 2
21 975541011270 4
21 975541011271 4
21 975541011276 2
21 975541011278 4
21 975541011279 4
21 975541011284 2
21 975541011286 4
21 975541011287 4
21 975541011292 2
21 975541011294 4
21 975541011295 4
21 975541011300 6
21 975541011302 4
21 975541011303 4
21 975541011308 8
21 975541011310 4
21 975541011311 4
21 975541011316 2
21 975541011318 4
21 975541011319 18
21 975541011324 2
21 975541011326 4
21 975541011327 7
21 975541011331 2
21 975541011335 2
21 975541011339 2
21 975541011343 2
21 975541011347 2
21 975541011351 2
21 975541011355 2
21 975541011359 2
21 975541011363 2
21 975541011367 2
21 975541011371 2
21 975541011375 2
21 975541011379 2
21 975541011383 2
21 975541011387 2
21 975541011391 2
21 975541011395 2
21 975541011399 2
21 975541011403 2
21 975541011407 2
21 975541011411 2
21 975541011415 2
21 975541011419 2
21 975541011423 2
21 975541011427 2
21 975541011431 2
21 975541011435 2
21 975541011439 2
21 975541011443 2
21 975541011447 2
21 975541011451 2
21 975541011455 2
21 975541011587 2
21 975541011590 2
21 975541011595 2
21 975541011598 2
21 975541011603 2
21 975541011606 2
21 975541011611 2
21 975541011614 2
21 975541011619 2
21 975541011622 2
21 975541011627 2
21 975541011630 2
21 975541011635 2
21 975541011638 2
21 975541011643 2
21 975541011646 2
21 975541011651 2
21 975541011654 2
21 975541011659 2
21 975541011662 2
21 975541011667 2
21 975541011670 2
21 975541011675 2
21 975541011678 2
21 975541011683 2
21 975541011686 2
21 975541011691 2
21 975541011694 2
21 975541011699 2
21 975541011702 2
21 975541011707 2
21 975541011710 2
21 975541011843 2
21 975541011844 2
21 975541011851 2
21 975541011852 2
21 975541011859 2
21 975541011860 2
21 975541011867 2
21 975541011868 2
21 975541011875 11
21 975541011876 2
21 975541011883 2
21 975541011884 2
21 975541011891 2
21 975541011892 2
21 975541011899 2
21 975541011900 2
21 975541011907 2
21 975541011908 2
21 975541011915 2
21 975541011916 2
21 975541011923 6
21 975541011924 2
21 975541011931 25
21 975541011932 2
21 975541011939 168
21 975541011940 2
21 975541011947 2
21 975541011948 2
21 975541011955 2
21 975541011956 2
21 975541011963 11
21 975541011964 2
21 975541011971 2
21 975541011975 2
21 975541011979 2
21 975541011983 2
21 975541011987 2
21 975541011991 2
21 975541011995 2
21 975541011999 2
21 975541012003 2
21 975541012007 2
21 975541012011 2
21 975541012015 2
21 975541012019 35
21 975541012023 2
21 975541012027 10
21 975541012031 2
21 975541012035 2
21 975541012039 2
21 975541012043 2
21 975541012047 2
21 975541012051 51
21 975541012055 2
21 975541012059 12
21 975541012063 2
21 975541012067 2
21 975541012071 2
21 975541012075 2
21 975541012079 2
21 975541012083 3
21 975541012087 2
21 975541012091 2
21 975541012095 2
21 975541012227 2
21 975541012230 2
21 975541012235 2
21 975541012238 2
21 975541012243 2
21 975541012246 2
21 975541012251 2
21 975541012254 2
21 975541012259 2
21 975541012262 2
21 975541012267 2
21 975541012270 2
21 975541012275 163
21 975541012278 2
21 975541012283 2
21 975541012286 2
21 975541012291 2
21 975541012294 2
21 975541012299 2
21 975541012302 2
21 975541012307 2
21 975541012310 2
21 975541012315 2
21 975541012318 2
21 975541012323 2
21 975541012326 2
21 975541012331 2
21 975541012334 2
21 975541012339 2
21 975541012342 2
21 975541012347 2
21 975541012350 2
23 975541011331 2
23 975541011332 2
23 975541011339 2
23 975541011340 2
23 975541011347 2
23 975541011348 2
23 975541011355 2
23 975541011356 2
23 975541011363 2
23 975541011364 2
23 975541011371 2
23 975541011372 2
23 975541011379 2
23 975541011380 2
23 975541011387 2
23 975541011388 2
23 975541011395 2
23 975541011396 2
23 975541011403 2
23 975541011404 2
23 975541011411 2
23 975541011412 2
23 975541011419 2
23 975541011420 2
23 975541011427 2
23 975541011428 2
23 975541011435 2
23 975541011436 2
23 975541011443 2
23 975541011444 2
23 975541011451 2
23 975541011452 2
23 975541011587 2
23 975541011595 2
23 975541011603 2
23 975541011611 2
23 975541011619 2
23 975541011627 2
23 975541011635 2
23 975541011643 2
23 975541011651 2
23 975541011659 2
23 975541011667 2
23 975541011675 2
23 975541011683 2
23 975541011691 2
23 975541011699 2
23 975541011707 2
24 975541011332 2
24 975541011334 2
24 975541011335 4
24 975541011340 2
24 975541011342 2
24 975541011343 4
24 975541011348 2
24 975541011350 2
24 975541011351 4
24 975541011356 2
24 975541011358 2
24 975541011359 4
24 975541011364 2
24 975541011366 2
24 975541011367 4
24 975541011372 2
24 975541011374 2
24 975541011375 4
24 975541011380 2
24 975541011382 2
24 975541011383 4
24 975541011388 2
24 975541011390 2
24 975541011391 4
24 975541011396 2
24 975541011398 77
24 975541011399 4
24 975541011404 2
24 975541011406 2
24 975541011407 4
24 975541011412 2
24 975541011414 2
24 975541011415 47
24 975541011420 2
24 975541011422 2
24 975541011423 4
24 975541011428 2
24 975541011430 2
24 975541011431 4
24 975541011436 2
24 975541011438 2
24 975541011439 4
24 975541011444 2
24 975541011446 2
24 975541011447 4
24 975541011452 2
24 975541011454 2
24 975541011455 4
24 975541011587 2
24 975541011588 2
24 975541011595 2
24 975541011596 2
24 975541011603 2
24 975541011604 2
24 975541011611 2
24 975541011612 2
24 975541011619 2
24 975541011620 2
24 975541011627 2
24 975541011628 2
24 975541011635 2
24 975541011636 2
24 975541011643 2
24 975541011644 2
24 975541011651 2
24 975541011652 2
24 975541011659 2
24 975541011660 2
24 975541011667 2
24 975541011668 2
24 975541011675 2
24 975541011676 2
24 975541011683 2
24 975541011684 2
24 975541011691 2
24 975541011692 2
24 975541011699 2
24 975541011700 2
24 975541011707 2
24 975541011708 2
24 975541011715 2
24 975541011719 2
24 975541011723 2
24 975541011727 2
24 975541011731 2
24 975541011735 2
24 975541011739 2
24 975541011743 2
24 975541011747 2
24 975541011751 2
24 975541011755 2
24 975541011759 2
24 975541011763 2
24 975541011767 2
24 975541011771 2
24 975541011775 2
24 975541011779 2
24 975541011783 2
24 975541011787 2
24 975541011791 2
24 975541011795 2
24 975541011799 2
24 975541011803 2
24 975541011807 2
24 975541011811 2
24 975541011815 2
24 975541011819 2
24 975541011823 2
24 975541011827 2
24 975541011831 2
24 975541011835 2
24 975541011839 2
24 975541011971 2
24 975541011975 2
24 975541011979 2
24 975541011983 2
24 975541011987 2
24 975541011991 2
24 975541011995 2
24 975541011999 2
24 975541012003 2
24 975541012007 2
24 975541012011 2
24 975541012015 2
24 975541012019 2
24 975541012023 2
24 975541012027 2
24 975541012031 2
24 975541012035 2
24 975541012039 2
24 975541012043 2
24 975541012047 2
24 975541012051 2
24 975541012055 2
24 975541012059 2
24 975541012063 2
24 975541012067 2
24 975541012071 2
24 975541012075 2
24 975541012079 2
24 975541012083 2
24 975541012087 2
24 975541012091 2
24 975541012095 2
24 975541012227 2
24 975541012230 2
24 975541012235 2
24 975541012238 2
24 975541012243 2
24 975541012246 2
24 975541012251 2
24 975541012254 2
24 975541012259 2
24 975541012262 2
24 975541012267 2
24 975541012270 2
24 975541012275 2
24 975541012278 2
24 975541012283 2
24 975541012286 2
24 975541012291 2
24 975541012294 2
24 975541012299 2
24 975541012302 2
24 975541012307 2
24 975541012310 2
24 975541012315 2
24 975541012318 2
24 975541012323 2
24 975541012326 2
24 975541012331 2
24 975541012334 2
24 975541012339 2
24 975541012342 2
24 975541012347 2
24 975541012350 2
26 975541011460 2
26 975541011462 2
26 975541011468 2
26 975541011470 2
26 975541011476 2
26 975541011478 2
26 975541011484 2
26 975541011486 2
26 975541011492 2
26 975541011494 2
26 975541011500 2
26 975541011502 2
26 975541011508 2
26 975541011510 2
26 975541011516 2
26 975541011518 2
26 975541011524 2
26 975541011526 2
26 975541011532 2
26 975541011534 2
26 975541011540 2
26 975541011542 2
26 975541011548 2
26 975541011550 2
26 975541011556 2
26 975541011558 2
26 975541011564 2
26 975541011566 2
26 975541011572 2
26 975541011574 2
26 975541011580 2
26 975541011582 2
26 975541011972 2
26 975541011980 2
26 975541011988 2
26 975541011996 2
26 975541012004 2
26 975541012012 2
26 975541012020 2
26 975541012028 2
26 975541012036 2
26 975541012044 2
26 975541012052 2
26 975541012060 2
26 975541012068 2
26 975541012076 2
26 975541012084 2
26 975541012092 2
27 975541011462 2
27 975541011463 4
27 975541011470 2
27 975541011471 4
27 975541011478 2
27 975541011479 4
27 975541011486 2
27 975541011487 4
27 975541011494 2
27 975541011495 4
27 975541011502 2
27 975541011503 4
27 975541011510 2
27 975541011511 4
27 975541011518 2
27 975541011519 4
27 975541011526 2
27 975541011527 4
27 975541011534 2
27 975541011535 4
27 975541011542 2
27 975541011543 4
27 975541011550 2
27 975541011551 4
27 975541011558 2
27 975541011559 4
27 975541011566 2
27 975541011567 4
27 975541011574 2
27 975541011575 5
27 975541011582 2
27 975541011583 4
27 975541011716 2
27 975541011718 2
27 975541011724 2
27 975541011726 2
27 975541011732 2
27 975541011734 2
27 975541011740 2
27 975541011742 2
27 975541011748 2
27 975541011750 2
27 975541011756 2
27 975541011758 2
27 975541011764 2
27 975541011766 2
27 975541011772 2
27 975541011774 2
27 975541011780 2
27 975541011782 2
27 975541011788 2
27 975541011790 2
27 975541011796 2
27 975541011798 2
27 975541011804 2
27 975541011806 2
27 975541011812 2
27 975541011814 2
27 975541011820 2
27 975541011822 2
27 975541011828 2
27 975541011830 2
27 975541011836 2
27 975541011838 2
27 975541011972 2
27 975541011975 2
27 975541011980 2
27 975541011983 2
27 975541011988 2
27 975541011991 2
27 975541011996 2
27 975541011999 2
27 975541012004 2
27 975541012007 2
27 975541012012 2
27 975541012015 2
27 975541012020 2
27 975541012023 2
27 975541012028 2
27 975541012031 2
27 975541012036 2
27 975541012039 2
27 975541012044 2
27 975541012047 2
27 975541012052 2
27 975541012055 2
27 975541012060 2
27 975541012063 2
27 975541012068 2
27 975541012071 2
27 975541012076 2
27 975541012079 2
27 975541012084 2
27 975541012087 2
27 975541012092 2
27 975541012095 2
27 975541012228 2
27 975541012231 2
27 975541012236 2
27 975541012239 2
27 975541012244 2
27 975541012247 2
27 975541012252 2
27 975541012255 2
27 975541012260 2
27 975541012263 2
27 975541012268 2
27 975541012271 2
27 975541012276 2
27 975541012279 2
27 975541012284 2
27 975541012287 2
27 975541012292 2
27 975541012295 2
27 975541012300 2
27 975541012303 2
27 975541012308 2
27 975541012311 2
27 975541012316 2
27 975541012319 2
27 975541012324 2
27 975541012327 2
27 975541012332 2
27 975541012335 2
27 975541012340 2
27 975541012343 2
27 975541012348 2
27 975541012351 2
30 975541011589 4
30 975541011590 2
30 975541011597 4
30 975541011598 2
30 975541011605 8
30 975541011606 2
30 975541011613 16
30 975541011614 2
30 975541011621 4
30 975541011622 2
30 975541011629 4
30 975541011630 2
30 975541011637 4
30 975541011638 2
30 975541011645 4
30 975541011646 2
30 975541011653 4
30 975541011654 2
30 975541011661 4
30 975541011662 2
30 975541011669 4
30 975541011670 2
30 975541011677 4
30 975541011678 2
30 975541011685 4
30 975541011686 2
30 975541011693 4
30 975541011694 2
30 975541011701 4
30 975541011702 2
30 975541011709 4
30 975541011710 2
30 975541011716 2
30 975541011717 2
30 975541011724 2
30 975541011725 2
30 975541011732 2
30 975541011733 2
30 975541011740 2
30 975541011741 2
30 975541011748 2
30 975541011749 2
30 975541011756 2
30 975541011757 2
30 975541011764 2
30 975541011765 2
30 975541011772 2
30 975541011773 2
30 975541011780 2
30 975541011781 2
30 975541011788 2
30 975541011789 2
30 975541011796 2
30 975541011797 2
30 975541011804 2
30 975541011805 2
30 975541011812 2
30 975541011813 2
30 975541011820 2
30 975541011821 2
30 975541011828 2
30 975541011829 2
30 975541011836 2
30 975541011837 2
30 975541011972 2
30 975541011974 2
30 975541011980 2
30 975541011982 2
30 975541011988 2
30 975541011990 2
30 975541011996 2
30 975541011998 2
30 975541012004 2
30 975541012006 2
30 975541012012 2
30 975541012014 2
30 975541012020 2
30 975541012022 2
30 975541012028 2
30 975541012030 2
30 975541012036 2
30 975541012038 2
30 975541012044 2
30 975541012046 2
30 975541012052 2
30 975541012054 2
30 975541012060 2
30 975541012062 2
30 975541012068 2
30 975541012070 2
30 975541012076 2
30 975541012078 2
30 975541012084 2
30 975541012086 2
30 975541012092 2
30 975541012094 2
30 975541012356 2
30 975541012357 2
30 975541012364 2
30 975541012365 2
30 975541012372 8
30 975541012373 2
30 975541012380 2
30 975541012381 2
30 975541012388 2
30 975541012389 2
30 975541012396 2
30 975541012397 2
30 975541012404 2
30 975541012405 2
30 975541012412 2
30 975541012413 2
30 975541012420 6
30 975541012421 2
30 975541012428 2
30 975541012429 2
30 975541012436 2
30 975541012437 2
30 975541012444 2
30 975541012445 2
30 975541012452 2
30 975541012453 2
30 975541012460 2
30 975541012461 2
30 975541012468 2
30 975541012469 2
30 975541012476 2
30 975541012477 2
33 975541011719 4
33 975541011727 4
33 975541011735 4
33 975541011743 4
33 975541011751 4
33 975541011759 4
33 975541011767 4
33 975541011775 4
33 975541011783 4
33 975541011791 4
33 975541011799 4
33 975541011807 4
33 975541011815 4
33 975541011823 4
33 975541011831 4
33 975541011839 4
33 975541011845 2
33 975541011847 2
33 975541011853 2
33 975541011855 2
33 975541011861 2
33 975541011863 2
33 975541011869 2
33 975541011871 2
33 975541011877 2
33 975541011879 2
33 975541011885 2
33 975541011887 2
33 975541011893 2
33 975541011895 2
33 975541011901 2
33 975541011903 2
33 975541011909 2
33 975541011911 2
33 975541011917 2
33 975541011919 2
33 975541011925 2
33 975541011927 2
33 975541011933 2
33 975541011935 2
33 975541011941 2
33 975541011943 2
33 975541011949 2
33 975541011951 2
33 975541011957 2
33 975541011959 2
33 975541011965 2
33 975541011967 2
33 975541012229 2
33 975541012231 2
33 975541012237 2
33 975541012239 2
33 975541012245 2
33 975541012247 2
33 975541012253 2
33 975541012255 2
33 975541012261 2
33 975541012263 2
33 975541012269 2
33 975541012271 2
33 975541012277 2
33 975541012279 2
33 975541012285 2
33 975541012287 2
33 975541012293 2
33 975541012295 2
33 975541012301 2
33 975541012303 2
33 975541012309 2
33 975541012311 2
33 975541012317 2
33 975541012319 2
33 975541012325 2
33 975541012327 2
33 975541012333 2
33 975541012335 2
33 975541012341 2
33 975541012343 2
33 975541012349 2
33 975541012351 2
36 975541011847 2
36 975541011855 2
36 975541011863 2
36 975541011871 2
36 975541011879 2
36 975541011887 2
36 975541011895 2
36 975541011903 2
36 975541011911 2
36 975541011919 2
36 975541011927 2
36 975541011935 2
36 975541011943 2
36 975541011951 2
36 975541011959 2
36 975541011967 2
36 975541011973 2
36 975541011975 2
36 975541011981 2
36 975541011983 2
36 975541011989 2
36 975541011991 2
36 975541011997 2
36 975541011999 2
36 975541012005 2
36 975541012007 2
36 975541012013 2
36 975541012015 2
36 975541012021 2
36 975541012023 2
36 975541012029 2
36 975541012031 2
36 975541012037 2
36 975541012039 2
36 975541012045 2
36 975541012047 2
36 975541012053 2
36 975541012055 2
36 975541012061 2
36 975541012063 2
36 975541012069 2
36 975541012071 2
36 975541012077 2
36 975541012079 2
36 975541012085 2
36 975541012087 2
36 975541012093 2
36 975541012095 2
38 975541011974 2
38 975541011975 2
38 975541011982 2
38 975541011983 2
38 975541011990 2
38 975541011991 2
38 975541011998 2
38 975541011999 2
38 975541012006 2
38 975541012007 2
38 975541012014 2
38 975541012015 2
38 975541012022 2
38 975541012023 2
38 975541012030 2
38 975541012031 2
38 975541012038 2
38 975541012039 2
38 975541012046 2
38 975541012047 2
38 975541012054 2
38 975541012055 2
38 975541012062 2
38 975541012063 2
38 975541012070 2
38 975541012071 2
38 975541012078 2
38 975541012079 2
38 975541012086 2
38 975541012087 2
38 975541012094 2
38 975541012095 2
38 975541012230 2
38 975541012238 2
38 975541012246 2
38 975541012254 2
38 975541012262 2
38 975541012270 2
38 975541012278 2
38 975541012286 2
38 975541012294 2
38 975541012302 2
38 975541012310 2
38 975541012318 2
38 975541012326 2
38 975541012334 2
38 975541012342 2
38 975541012350 2
42 975541012103 2
42 975541012111 2
42 975541012119 2
42 975541012127 2
42 975541012135 2
42 975541012143 2
42 975541012151 2
42 975541012159 2
42 975541012167 2
42 975541012175 2
42 975541012183 2
42 975541012191 2
42 975541012199 2
42 975541012207 2
42 975541012215 2
42 975541012223 2
42 975541012230 2
42 975541012231 2
42 975541012238 2
42 975541012239 2
42 975541012246 2
42 975541012247 2
42 975541012254 2
42 975541012255 2
42 975541012262 2
42 975541012263 2
42 975541012270 2
42 975541012271 2
42 975541012278 2
42 975541012279 2
42 975541012286 2
42 975541012287 2
42 975541012294 2
42 975541012295 2
42 975541012302 2
42 975541012303 2
42 975541012310 2
42 975541012311 2
42 975541012318 2
42 975541012319 2
42 975541012326 2
42 975541012327 2
42 975541012334 2
42 975541012335 2
42 975541012342 2
42 975541012343 2
42 975541012350 2
42 975541012351 2
