2 975541010432 2
2 975541010434 2
2 975541010440 2
2 975541010442 2
2 975541010448 2
2 975541010450 2
2 975541010456 2
2 975541010458 2
2 975541010464 2
2 975541010466 2
2 975541010472 2
2 975541010474 2
2 975541010480 2
2 975541010482 2
2 975541010488 2
2 975541010490 2
2 975541010496 2
2 975541010498 2
2 975541010504 2
2 975541010506 2
2 975541010512 2
2 975541010514 2
2 975541010520 2
2 975541010522 2
2 975541010528 2
2 975541010530 2
2 975541010536 2
2 975541010538 2
2 975541010544 2
2 975541010546 2
2 975541010552 2
2 975541010554 2
2 975541011072 2
2 975541011080 2
2 975541011088 2
2 975541011096 2
2 975541011104 2
2 975541011112 2
2 975541011120 2
2 975541011128 2
2 975541011136 2
2 975541011144 2
2 975541011152 2
2 975541011160 2
2 975541011168 2
2 975541011176 2
2 975541011184 2
2 975541011192 2
3 975541010432 2
3 975541010434 43
3 975541010435 2
3 975541010436 4
3 975541010438 4
3 975541010439 4
3 975541010440 2
3 975541010442 31
3 975541010443 2
3 975541010444 4
3 975541010446 4
3 975541010447 4
3 975541010448 2
3 975541010450 14
3 975541010451 2
3 975541010452 4
3 975541010454 4
3 975541010455 4
3 975541010456 2
3 975541010458 14
3 975541010459 2
3 975541010460 4
3 975541010462 4
3 975541010463 4
3 975541010464 2
3 975541010466 14
3 975541010467 2
3 975541010468 4
3 975541010470 4
3 975541010471 4
3 975541010472 2
3 975541010474 14
3 975541010475 2
3 975541010476 4
3 975541010478 4
3 975541010479 4
3 975541010480 2
3 975541010482 20
3 975541010483 2
3 975541010484 4
3 975541010486 4
3 975541010487 4
3 975541010488 2
3 975541010490 19
3 975541010491 2
3 975541010492 4
3 975541010494 4
3 975541010495 4
3 975541010496 2
3 975541010498 26
3 975541010499 2
3 975541010500 4
3 975541010502 4
3 975541010503 4
3 975541010504 2
3 975541010506 29
3 975541010507 2
3 975541010508 4
3 975541010510 4
3 975541010511 4
3 975541010512 2
3 975541010514 14
3 975541010515 2
3 975541010516 4
3 975541010518 4
3 975541010519 4
3 975541010520 2
3 975541010522 14
3 975541010523 2
3 975541010524 4
3 975541010526 4
3 975541010527 4
3 975541010528 2
3 975541010530 14
3 975541010531 2
3 975541010532 4
3 975541010534 4
3 975541010535 4
3 975541010536 2
3 975541010538 14
3 975541010539 2
3 975541010540 4
3 975541010542 4
3 975541010543 4
3 975541010544 2
3 975541010546 15
3 975541010547 2
3 975541010548 4
3 975541010550 4
3 975541010551 4
3 975541010552 2
3 975541010554 15
3 975541010555 2
3 975541010556 4
3 975541010558 4
3 975541010559 4
3 975541010560 2
3 975541010562 2
3 975541010568 123
3 975541010570 2
3 975541010576 2
3 975541010578 2
3 975541010584 2
3 975541010586 2
3 975541010592 2
3 975541010594 2
3 975541010600 2
3 975541010602 2
3 975541010608 2
3 975541010610 2
3 975541010616 2
3 975541010618 2
3 975541010624 2
3 975541010626 2
3 975541010632 2
3 975541010634 2
3 975541010640 2
3 975541010642 2
3 975541010648 2
3 975541010650 2
3 975541010656 2
3 975541010658 2
3 975541010664 2
3 975541010666 2
3 975541010672 2
3 975541010674 2
3 975541010680 2
3 975541010682 2
3 975541010688 2
3 975541010690 2
3 975541010696 2
3 975541010698 2
3 975541010704 2
3 975541010706 2
3 975541010712 2
3 975541010714 2
3 975541010720 2
3 975541010722 2
3 975541010728 2
3 975541010730 2
3 975541010736 2
3 975541010738 2
3 975541010744 2
3 975541010746 2
3 975541010752 2
3 975541010754 2
3 975541010760 2
3 975541010762 2
3 975541010768 2
3 975541010770 2
3 975541010776 2
3 975541010778 2
3 975541010784 2
3 975541010786 2
3 975541010792 2
3 975541010794 2
3 975541010800 2
3 975541010802 2
3 975541010808 2
3 975541010810 2
3 975541010816 2
3 975541010818 2
3 975541010824 2
3 975541010826 2
3 975541010832 2
3 975541010834 2
3 975541010840 2
3 975541010842 2
3 975541010848 2
3 975541010850 2
3 975541010856 2
3 975541010858 2
3 975541010864 2
3 975541010866 2
3 975541010872 2
3 975541010874 2
3 975541010880 2
3 975541010882 2
3 975541010888 2
3 975541010890 2
3 975541010896 2
3 975541010898 2
3 975541010904 2
3 975541010906 2
3 975541010912 2
3 975541010914 2
3 975541010920 2
3 975541010922 2
3 975541010928 2
3 975541010930 2
3 975541010936 2
3 975541010938 2
3 975541010944 14
3 975541010946 2
3 975541010952 2
3 975541010954 2
3 975541010960 2
3 975541010962 2
3 975541010968 2
3 975541010970 2
3 975541010976 2
3 975541010978 2
3 975541010984 2
3 975541010986 2
3 975541010992 2
3 975541010994 2
3 975541011000 2
3 975541011002 2
3 975541011008 2
3 975541011010 2
3 975541011016 2
3 975541011018 2
3 975541011024 2
3 975541011026 2
3 975541011032 2
3 975541011034 2
3 975541011040 2
3 975541011042 2
3 975541011048 2
3 975541011050 2
3 975541011056 2
3 975541011058 2
3 975541011064 2
3 975541011066 2
3 975541011072 2
3 975541011074 2
3 975541011080 2
3 975541011082 2
3 975541011088 2
3 975541011090 2
3 975541011096 2
3 975541011098 2
3 975541011104 2
3 975541011106 2
3 975541011112 2
3 975541011114 2
3 975541011120 2
3 975541011122 2
3 975541011128 2
3 975541011130 2
3 975541011136 2
3 975541011138 2
3 975541011144 2
3 975541011146 2
3 975541011152 2
3 975541011154 2
3 975541011160 2
3 975541011162 2
3 975541011168 2
3 975541011170 2
3 975541011176 2
3 975541011178 2
3 975541011184 2
3 975541011186 2
3 975541011192 2
3 975541011194 2
3 975541011200 2
3 975541011202 2
3 975541011208 2
3 975541011210 2
3 975541011216 2
3 975541011218 2
3 975541011224 2
3 975541011226 2
3 975541011232 2
3 975541011234 2
3 975541011240 2
3 975541011242 2
3 975541011248 2
3 975541011250 2
3 975541011256 2
3 975541011258 2
3 975541011264 338
3 975541011266 2
3 975541011272 18
3 975541011274 2
3 975541011280 2
3 975541011282 2
3 975541011288 2
3 975541011290 2
3 975541011296 2
3 975541011298 2
3 975541011304 2
3 975541011306 2
3 975541011312 2
3 975541011314 2
3 975541011320 2
3 975541011322 2
3 975541011712 6
3 975541011715 2
3 975541011716 2
3 975541011719 2
3 975541011720 6
3 975541011723 2
3 975541011724 2
3 975541011727 2
3 975541011728 6
3 975541011731 2
3 975541011732 2
3 975541011735 2
3 975541011736 6
3 975541011739 2
3 975541011740 2
3 975541011743 2
3 975541011744 6
3 975541011747 2
3 975541011748 2
3 975541011751 2
3 975541011752 6
3 975541011755 2
3 975541011756 2
3 975541011759 2
3 975541011760 6
3 975541011763 2
3 975541011764 2
3 975541011767 2
3 975541011768 6
3 975541011771 2
3 975541011772 12
3 975541011775 2
3 975541011776 6
3 975541011779 2
3 975541011780 2
3 975541011783 2
3 975541011784 6
3 975541011787 2
3 975541011788 2
3 975541011791 2
3 975541011792 6
3 975541011795 2
3 975541011796 2
3 975541011799 2
3 975541011800 6
3 975541011803 2
3 975541011804 6
3 975541011807 2
3 975541011808 6
3 975541011811 2
3 975541011812 2
3 975541011815 2
3 975541011816 6
3 975541011819 2
3 975541011820 96
3 975541011823 2
3 975541011824 6
3 975541011827 2
3 975541011828 2
3 975541011831 2
3 975541011832 6
3 975541011835 2
3 975541011836 2
3 975541011839 2
3 975541011968 8
3 975541011970 2
3 975541011974 2
3 975541011976 22
3 975541011978 2
3 975541011982 2
3 975541011984 8
3 975541011986 2
3 975541011990 2
3 975541011992 8
3 975541011994 2
3 975541011998 2
3 975541012000 9
3 975541012002 2
3 975541012006 2
3 975541012008 8
3 975541012010 2
3 975541012014 2
3 975541012016 8
3 975541012018 2
3 975541012022 2
3 975541012024 25
3 975541012026 2
3 975541012030 2
3 975541012032 13
3 975541012034 2
3 975541012038 2
3 975541012040 8
3 975541012042 2
3 975541012046 2
3 975541012048 18
3 975541012050 2
3 975541012054 2
3 975541012056 8
3 975541012058 2
3 975541012062 2
3 975541012064 8
3 975541012066 2
3 975541012070 2
3 975541012072 8
3 975541012074 2
3 975541012078 2
3 975541012080 8
3 975541012082 2
3 975541012086 2
3 975541012088 8
3 975541012090 2
3 975541012094 2
3 975541012224 2
3 975541012231 2
3 975541012232 2
3 975541012239 2
3 975541012240 2
3 975541012247 2
3 975541012248 2
3 975541012255 2
3 975541012256 2
3 975541012263 2
3 975541012264 2
3 975541012271 2
3 975541012272 2
3 975541012279 2
3 975541012280 2
3 975541012287 2
3 975541012288 2
3 975541012295 2
3 975541012296 2
3 975541012303 2
3 975541012304 2
3 975541012311 2
3 975541012312 2
3 975541012319 2
3 975541012320 2
3 975541012327 2
3 975541012328 2
3 975541012335 2
3 975541012336 2
3 975541012343 2
3 975541012344 2
3 975541012351 2
3 975541012352 604
3 975541012356 2
3 975541012358 2
3 975541012360 4
3 975541012364 2
3 975541012366 2
3 975541012368 4
3 975541012372 2
3 975541012374 2
3 975541012376 4
3 975541012380 2
3 975541012382 2
3 975541012384 4
3 975541012388 2
3 975541012390 2
3 975541012392 4
3 975541012396 2
3 975541012398 2
3 975541012400 4
3 975541012404 2
3 975541012406 2
3 975541012408 4
3 975541012412 2
3 975541012414 2
3 975541012416 4
3 975541012420 2
3 975541012422 2
3 975541012424 4
3 975541012428 2
3 975541012430 2
3 975541012432 4
3 975541012436 2
3 975541012438 2
3 975541012440 4
3 975541012444 2
3 975541012446 2
3 975541012448 4
3 975541012452 2
3 975541012454 2
3 975541012456 4
3 975541012460 2
3 975541012462 2
3 975541012464 4
3 975541012468 2
3 975541012470 2
3 975541012472 4
3 975541012476 2
3 975541012478 2
5 975541010560 2
5 975541010564 2
5 975541010568 2
5 975541010572 2
5 975541010576 2
5 975541010580 2
5 975541010584 2
5 975541010588 2
5 975541010592 2
5 975541010596 2
5 975541010600 2
5 975541010604 2
5 975541010608 2
5 975541010612 2
5 975541010616 2
5 975541010620 2
5 975541010624 2
5 975541010628 2
5 975541010632 2
5 975541010636 2
5 975541010640 2
5 975541010644 2
5 975541010648 2
5 975541010652 2
5 975541010656 2
5 975541010660 2
5 975541010664 2
5 975541010668 2
5 975541010672 2
5 975541010676 2
5 975541010680 2
5 975541010684 2
5 975541011584 2
5 975541011592 2
5 975541011600 2
5 975541011608 2
5 975541011616 2
5 975541011624 2
5 975541011632 2
5 975541011640 2
5 975541011648 2
5 975541011656 2
5 975541011664 2
5 975541011672 2
5 975541011680 2
5 975541011688 2
5 975541011696 2
5 975541011704 2
6 975541010562 6
6 975541010563 4
6 975541010565 10
6 975541010566 4
6 975541010567 4
6 975541010570 6
6 975541010571 4
6 975541010573 10
6 975541010574 4
6 975541010575 4
6 975541010578 6
6 975541010579 4
6 975541010581 10
6 975541010582 4
6 975541010583 4
6 975541010586 6
6 975541010587 4
6 975541010589 10
6 975541010590 4
6 975541010591 5
6 975541010594 6
6 975541010595 4
6 975541010597 10
6 975541010598 4
6 975541010599 4
6 975541010602 6
6 975541010603 4
6 975541010605 10
6 975541010606 4
6 975541010607 4
6 975541010610 6
6 975541010611 4
6 975541010613 10
6 975541010614 4
6 975541010615 4
6 975541010618 6
6 975541010619 4
6 975541010621 10
6 975541010622 4
6 975541010623 4
6 975541010626 6
6 975541010627 4
6 975541010629 10
6 975541010630 4
6 975541010631 4
6 975541010634 6
6 975541010635 4
6 975541010637 10
6 975541010638 4
6 975541010639 4
6 975541010642 6
6 975541010643 4
6 975541010645 10
6 975541010646 4
6 975541010647 4
6 975541010650 6
6 975541010651 4
6 975541010653 10
6 975541010654 4
6 975541010655 4
6 975541010658 6
6 975541010659 4
6 975541010661 10
6 975541010662 4
6 975541010663 4
6 975541010666 6
6 975541010667 4
6 975541010669 10
6 975541010670 4
6 975541010671 4
6 975541010674 6
6 975541010675 4
6 975541010677 10
6 975541010678 4
6 975541010679 4
6 975541010682 6
6 975541010683 4
6 975541010685 10
6 975541010686 4
6 975541010687 4
6 975541010688 2
6 975541010693 2
6 975541010696 182
6 975541010701 2
6 975541010704 2
6 975541010709 2
6 975541010712 2
6 975541010717 2
6 975541010720 2
6 975541010725 2
6 975541010728 2
6 975541010733 2
6 975541010736 2
6 975541010741 2
6 975541010744 2
6 975541010749 2
6 975541010752 2
6 975541010757 2
6 975541010760 2
6 975541010765 2
6 975541010768 2
6 975541010773 2
6 975541010776 2
6 975541010781 2
6 975541010784 2
6 975541010789 2
6 975541010792 2
6 975541010797 2
6 975541010800 2
6 975541010805 2
6 975541010808 2
6 975541010813 2
6 975541010816 2
6 975541010821 2
6 975541010824 2
6 975541010829 2
6 975541010832 2
6 975541010837 2
6 975541010840 2
6 975541010845 2
6 975541010848 2
6 975541010853 2
6 975541010856 2
6 975541010861 2
6 975541010864 2
6 975541010869 2
6 975541010872 2
6 975541010877 111
6 975541010880 2
6 975541010885 2
6 975541010888 2
6 975541010893 2
6 975541010896 2
6 975541010901 2
6 975541010904 2
6 975541010909 2
6 975541010912 2
6 975541010917 2
6 975541010920 2
6 975541010925 2
6 975541010928 2
6 975541010933 2
6 975541010936 2
6 975541010941 2
6 975541010944 2
6 975541010950 2
6 975541010952 2
6 975541010958 2
6 975541010960 2
6 975541010966 2
6 975541010968 2
6 975541010974 2
6 975541010976 2
6 975541010982 2
6 975541010984 2
6 975541010990 2
6 975541010992 2
6 975541010998 2
6 975541011000 2
6 975541011006 2
6 975541011008 2
6 975541011014 2
6 975541011016 2
6 975541011022 2
6 975541011024 174
6 975541011030 2
6 975541011032 11
6 975541011038 2
6 975541011040 2
6 975541011046 2
6 975541011048 2
6 975541011054 2
6 975541011056 2
6 975541011062 2
6 975541011064 2
6 975541011070 2
6 975541011072 2
6 975541011078 2
6 975541011080 2
6 975541011086 2
6 975541011088 2
6 975541011094 2
6 975541011096 2
6 975541011102 2
6 975541011104 2
6 975541011110 2
6 975541011112 2
6 975541011118 2
6 975541011120 2
6 975541011126 2
6 975541011128 2
6 975541011134 2
6 975541011136 2
6 975541011142 2
6 975541011144 2
6 975541011150 2
6 975541011152 2
6 975541011158 2
6 975541011160 2
6 975541011166 2
6 975541011168 2
6 975541011174 2
6 975541011176 2
6 975541011182 2
6 975541011184 2
6 975541011190 2
6 975541011192 2
6 975541011198 2
6 975541011200 2
6 975541011207 2
6 975541011208 2
6 975541011215 2
6 975541011216 2
6 975541011223 2
6 975541011224 2
6 975541011231 2
6 975541011232 2
6 975541011239 2
6 975541011240 2
6 975541011247 2
6 975541011248 2
6 975541011255 2
6 975541011256 2
6 975541011263 2
6 975541011264 2
6 975541011271 2
6 975541011272 2
6 975541011279 2
6 975541011280 2
6 975541011287 2
6 975541011288 2
6 975541011295 2
6 975541011296 2
6 975541011303 2
6 975541011304 2
6 975541011311 2
6 975541011312 2
6 975541011319 2
6 975541011320 2
6 975541011327 2
6 975541011328 2
6 975541011335 2
6 975541011336 2
6 975541011343 2
6 975541011344 2
6 975541011351 2
6 975541011352 2
6 975541011359 2
6 975541011360 2
6 975541011367 2
6 975541011368 2
6 975541011375 2
6 975541011376 2
6 975541011383 2
6 975541011384 2
6 975541011391 2
6 975541011392 2
6 975541011399 2
6 975541011400 2
6 975541011407 2
6 975541011408 2
6 975541011415 2
6 975541011416 2
6 975541011423 2
6 975541011424 2
6 975541011431 2
6 975541011432 2
6 975541011439 2
6 975541011440 2
6 975541011447 2
6 975541011448 2
6 975541011455 2
6 975541011456 2
6 975541011461 2
6 975541011464 2
6 975541011469 2
6 975541011472 2
6 975541011477 2
6 975541011480 2
6 975541011485 2
6 975541011488 2
6 975541011493 2
6 975541011496 2
6 975541011501 2
6 975541011504 2
6 975541011509 2
6 975541011512 2
6 975541011517 2
6 975541011520 2
6 975541011525 2
6 975541011528 2
6 975541011533 2
6 975541011536 2
6 975541011541 2
6 975541011544 2
6 975541011549 2
6 975541011552 2
6 975541011557 2
6 975541011560 2
6 975541011565 2
6 975541011568 2
6 975541011573 2
6 975541011576 2
6 975541011581 2
6 975541011584 4
6 975541011586 2
6 975541011589 2
6 975541011592 4
6 975541011594 2
6 975541011597 2
6 975541011600 4
6 975541011602 2
6 975541011605 2
6 975541011608 4
6 975541011610 2
6 975541011613 2
6 975541011616 4
6 975541011618 2
6 975541011621 2
6 975541011624 4
6 975541011626 2
6 975541011629 2
6 975541011632 4
6 975541011634 2
6 975541011637 2
6 975541011640 4
6 975541011642 2
6 975541011645 2
6 975541011648 4
6 975541011650 2
6 975541011653 2
6 975541011656 4
6 975541011658 2
6 975541011661 2
6 975541011664 4
6 975541011666 2
6 975541011669 2
6 975541011672 4
6 975541011674 2
6 975541011677 2
6 975541011680 4
6 975541011682 2
6 975541011685 2
6 975541011688 4
6 975541011690 2
6 975541011693 2
6 975541011696 4
6 975541011698 2
6 975541011701 2
6 975541011704 4
6 975541011706 2
6 975541011709 2
6 975541011712 2
6 975541011715 2
6 975541011720 2
6 975541011723 2
6 975541011728 2
6 975541011731 2
6 975541011736 2
6 975541011739 2
6 975541011744 2
6 975541011747 2
6 975541011752 2
6 975541011755 2
6 975541011760 2
6 975541011763 2
6 975541011768 2
6 975541011771 2
6 975541011776 2
6 975541011779 2
6 975541011784 2
6 975541011787 2
6 975541011792 2
6 975541011795 2
6 975541011800 2
6 975541011803 2
6 975541011808 48
6 975541011811 2
6 975541011816 2
6 975541011819 2
6 975541011824 2
6 975541011827 2
6 975541011832 2
6 975541011835 2
6 975541011840 2
6 975541011843 2
6 975541011848 2
6 975541011851 2
6 975541011856 2
6 975541011859 2
6 975541011864 2
6 975541011867 2
6 975541011872 2
6 975541011875 2
6 975541011880 2
6 975541011883 2
6 975541011888 2
6 975541011891 2
6 975541011896 2
6 975541011899 2
6 975541011904 2
6 975541011907 2
6 975541011912 2
6 975541011915 2
6 975541011920 2
6 975541011923 2
6 975541011928 2
6 975541011931 2
6 975541011936 2
6 975541011939 2
6 975541011944 2
6 975541011947 2
6 975541011952 2
6 975541011955 2
6 975541011960 75
6 975541011963 2
6 975541011968 2
6 975541011970 2
6 975541011976 2
6 975541011978 2
6 975541011984 2
6 975541011986 2
6 975541011992 2
6 975541011994 2
6 975541012000 5
6 975541012002 2
6 975541012008 2
6 975541012010 2
6 975541012016 2
6 975541012018 2
6 975541012024 2
6 975541012026 2
6 975541012032 2
6 975541012034 2
6 975541012040 2
6 975541012042 2
6 975541012048 2
6 975541012050 2
6 975541012056 2
6 975541012058 2
6 975541012064 2
6 975541012066 2
6 975541012072 2
6 975541012074 2
6 975541012080 2
6 975541012082 2
6 975541012088 2
6 975541012090 2
6 975541012352 4
6 975541012354 2
6 975541012357 2
6 975541012360 4
6 975541012362 2
6 975541012365 2
6 975541012368 4
6 975541012370 2
6 975541012373 2
6 975541012376 4
6 975541012378 2
6 975541012381 2
6 975541012384 4
6 975541012386 2
6 975541012389 2
6 975541012392 4
6 975541012394 2
6 975541012397 2
6 975541012400 4
6 975541012402 2
6 975541012405 2
6 975541012408 4
6 975541012410 2
6 975541012413 2
6 975541012416 4
6 975541012418 2
6 975541012421 2
6 975541012424 4
6 975541012426 2
6 975541012429 2
6 975541012432 4
6 975541012434 2
6 975541012437 2
6 975541012440 4
6 975541012442 2
6 975541012445 2
6 975541012448 4
6 975541012450 2
6 975541012453 2
6 975541012456 4
6 975541012458 2
6 975541012461 2
6 975541012464 4
6 975541012466 2
6 975541012469 2
6 975541012472 4
6 975541012474 2
6 975541012477 2
8 975541010689 2
8 975541010690 2
8 975541010697 2
8 975541010698 2
8 975541010705 2
8 975541010706 2
8 975541010713 2
8 975541010714 2
8 975541010721 2
8 975541010722 2
8 975541010729 2
8 975541010730 2
8 975541010737 2
8 975541010738 2
8 975541010745 2
8 975541010746 2
8 975541010753 2
8 975541010754 2
8 975541010761 2
8 975541010762 2
8 975541010769 2
8 975541010770 2
8 975541010777 2
8 975541010778 2
8 975541010785 2
8 975541010786 2
8 975541010793 2
8 975541010794 2
8 975541010801 2
8 975541010802 2
8 975541010809 2
8 975541010810 2
8 975541011073 2
8 975541011081 2
8 975541011089 2
8 975541011097 2
8 975541011105 2
8 975541011113 2
8 975541011121 2
8 975541011129 2
8 975541011137 2
8 975541011145 2
8 975541011153 2
8 975541011161 2
8 975541011169 2
8 975541011177 2
8 975541011185 2
8 975541011193 2
9 975541010690 4
9 975541010691 2
9 975541010692 4
9 975541010693 4
9 975541010694 6
9 975541010695 2
9 975541010698 4
9 975541010699 2
9 975541010700 4
9 975541010701 4
9 975541010702 6
9 975541010703 2
9 975541010706 4
9 975541010707 2
9 975541010708 4
9 975541010709 4
9 975541010710 6
9 975541010711 2
9 975541010714 4
9 975541010715 2
9 975541010716 4
9 975541010717 4
9 975541010718 6
9 975541010719 2
9 975541010722 4
9 975541010723 2
9 975541010724 4
9 975541010725 4
9 975541010726 16
9 975541010727 2
9 975541010730 4
9 975541010731 2
9 975541010732 4
9 975541010733 4
9 975541010734 6
9 975541010735 2
9 975541010738 4
9 975541010739 2
9 975541010740 4
9 975541010741 4
9 975541010742 6
9 975541010743 2
9 975541010746 4
9 975541010747 2
9 975541010748 4
9 975541010749 4
9 975541010750 6
9 975541010751 2
9 975541010754 4
9 975541010755 2
9 975541010756 4
9 975541010757 4
9 975541010758 6
9 975541010759 2
9 975541010762 4
9 975541010763 2
9 975541010764 4
9 975541010765 4
9 975541010766 6
9 975541010767 2
9 975541010770 4
9 975541010771 2
9 975541010772 4
9 975541010773 4
9 975541010774 6
9 975541010775 2
9 975541010778 4
9 975541010779 2
9 975541010780 4
9 975541010781 4
9 975541010782 6
9 975541010783 2
9 975541010786 4
9 975541010787 2
9 975541010788 4
9 975541010789 4
9 975541010790 6
9 975541010791 2
9 975541010794 4
9 975541010795 2
9 975541010796 4
9 975541010797 4
9 975541010798 6
9 975541010799 2
9 975541010802 4
9 975541010803 2
9 975541010804 4
9 975541010805 4
9 975541010806 6
9 975541010807 2
9 975541010810 4
9 975541010811 2
9 975541010812 4
9 975541010813 4
9 975541010814 6
9 975541010815 2
9 975541010817 2
9 975541010819 2
9 975541010825 2
9 975541010827 2
9 975541010833 2
9 975541010835 2
9 975541010841 2
9 975541010843 2
9 975541010849 2
9 975541010851 2
9 975541010857 2
9 975541010859 2
9 975541010865 2
9 975541010867 2
9 975541010873 2
9 975541010875 2
9 975541010881 2
9 975541010883 2
9 975541010889 2
9 975541010891 2
9 975541010897 2
9 975541010899 2
9 975541010905 2
9 975541010907 2
9 975541010913 2
9 975541010915 2
9 975541010921 2
9 975541010923 2
9 975541010929 2
9 975541010931 2
9 975541010937 2
9 975541010939 2
9 975541010945 2
9 975541010948 2
9 975541010953 2
9 975541010956 2
9 975541010961 2
9 975541010964 2
9 975541010969 2
9 975541010972 2
9 975541010977 2
9 975541010980 2
9 975541010985 2
9 975541010988 2
9 975541010993 2
9 975541010996 2
9 975541011001 2
9 975541011004 2
9 975541011009 2
9 975541011012 2
9 975541011017 2
9 975541011020 2
9 975541011025 2
9 975541011028 2
9 975541011033 2
9 975541011036 2
9 975541011041 2
9 975541011044 2
9 975541011049 2
9 975541011052 2
9 975541011057 2
9 975541011060 2
9 975541011065 2
9 975541011068 2
9 975541011073 2
9 975541011077 2
9 975541011081 2
9 975541011085 2
9 975541011089 2
9 975541011093 2
9 975541011097 2
9 975541011101 2
9 975541011105 121
9 975541011109 2
9 975541011113 2
9 975541011117 2
9 975541011121 2
9 975541011125 2
9 975541011129 2
9 975541011133 2
9 975541011137 2
9 975541011141 2
9 975541011145 2
9 975541011149 2
9 975541011153 2
9 975541011157 2
9 975541011161 2
9 975541011165 2
9 975541011169 64
9 975541011173 2
9 975541011177 2
9 975541011181 2
9 975541011185 2
9 975541011189 2
9 975541011193 40
9 975541011197 2
9 975541011201 2
9 975541011206 2
9 975541011209 2
9 975541011214 2
9 975541011217 176
9 975541011222 2
9 975541011225 2
9 975541011230 2
9 975541011233 2
9 975541011238 2
9 975541011241 2
9 975541011246 2
9 975541011249 2
9 975541011254 2
9 975541011257 2
9 975541011262 2
9 975541011265 2
9 975541011270 2
9 975541011273 2
9 975541011278 2
9 975541011281 2
9 975541011286 2
9 975541011289 2
9 975541011294 2
9 975541011297 2
9 975541011302 2
9 975541011305 2
9 975541011310 2
9 975541011313 2
9 975541011318 2
9 975541011321 415
9 975541011326 2
9 975541011329 2
9 975541011335 2
9 975541011337 2
9 975541011343 2
9 975541011345 2
9 975541011351 2
9 975541011353 2
9 975541011359 2
9 975541011361 2
9 975541011367 2
9 975541011369 68
9 975541011375 2
9 975541011377 2
9 975541011383 2
9 975541011385 2
9 975541011391 2
9 975541011393 2
9 975541011399 2
9 975541011401 2
9 975541011407 2
9 975541011409 2
9 975541011415 2
9 975541011417 2
9 975541011423 2
9 975541011425 2
9 975541011431 2
9 975541011433 2
9 975541011439 2
9 975541011441 2
9 975541011447 2
9 975541011449 2
9 975541011455 2
9 975541011585 2
9 975541011586 2
9 975541011593 2
9 975541011594 2
9 975541011601 2
9 975541011602 2
9 975541011609 2
9 975541011610 2
9 975541011617 2
9 975541011618 2
9 975541011625 2
9 975541011626 2
9 975541011633 2
9 975541011634 2
9 975541011641 2
9 975541011642 2
9 975541011649 2
9 975541011650 2
9 975541011657 2
9 975541011658 2
9 975541011665 2
9 975541011666 2
9 975541011673 2
9 975541011674 2
9 975541011681 2
9 975541011682 2
9 975541011689 2
9 975541011690 2
9 975541011697 2
9 975541011698 2
9 975541011705 2
9 975541011706 2
9 975541011713 2
9 975541011718 2
9 975541011721 2
9 975541011726 2
9 975541011729 2
9 975541011734 2
9 975541011737 2
9 975541011742 2
9 975541011745 2
9 975541011750 2
9 975541011753 2
9 975541011758 2
9 975541011761 2
9 975541011766 2
9 975541011769 2
9 975541011774 2
9 975541011777 2
9 975541011782 2
9 975541011785 2
9 975541011790 2
9 975541011793 2
9 975541011798 2
9 975541011801 2
9 975541011806 2
9 975541011809 2
9 975541011814 2
9 975541011817 2
9 975541011822 2
9 975541011825 2
9 975541011830 2
9 975541011833 2
9 975541011838 2
9 975541011969 4
9 975541011972 2
9 975541011974 2
9 975541011977 4
9 975541011980 2
9 975541011982 2
9 975541011985 4
9 975541011988 2
9 975541011990 2
9 975541011993 4
9 975541011996 2
9 975541011998 2
9 975541012001 4
9 975541012004 2
9 975541012006 2
9 975541012009 4
9 975541012012 2
9 975541012014 2
9 975541012017 4
9 975541012020 2
9 975541012022 2
9 975541012025 4
9 975541012028 2
9 975541012030 2
9 975541012033 4
9 975541012036 2
9 975541012038 2
9 975541012041 4
9 975541012044 2
9 975541012046 2
9 975541012049 4
9 975541012052 2
9 975541012054 2
9 975541012057 4
9 975541012060 2
9 975541012062 2
9 975541012065 4
9 975541012068 2
9 975541012070 2
9 975541012073 4
9 975541012076 2
9 975541012078 2
9 975541012081 4
9 975541012084 2
9 975541012086 2
9 975541012089 4
9 975541012092 2
9 975541012094 2
9 975541012097 2
9 975541012098 2
9 975541012105 2
9 975541012106 2
9 975541012113 2
9 975541012114 2
9 975541012121 2
9 975541012122 2
9 975541012129 2
9 975541012130 2
9 975541012137 2
9 975541012138 2
9 975541012145 2
9 975541012146 2
9 975541012153 2
9 975541012154 2
9 975541012161 2
9 975541012162 2
9 975541012169 2
9 975541012170 2
9 975541012177 2
9 975541012178 2
9 975541012185 2
9 975541012186 2
9 975541012193 2
9 975541012194 2
9 975541012201 2
9 975541012202 2
9 975541012209 2
9 975541012210 2
9 975541012217 2
9 975541012218 2
9 975541012353 2
9 975541012357 2
9 975541012361 2
9 975541012365 2
9 975541012369 2
9 975541012373 2
9 975541012377 2
9 975541012381 2
9 975541012385 2
9 975541012389 2
9 975541012393 2
9 975541012397 2
9 975541012401 2
9 975541012405 2
9 975541012409 2
9 975541012413 2
9 975541012417 2
9 975541012421 2
9 975541012425 2
9 975541012429 2
9 975541012433 2
9 975541012437 2
9 975541012441 2
9 975541012445 2
9 975541012449 2
9 975541012453 2
9 975541012457 2
9 975541012461 2
9 975541012465 2
9 975541012469 2
9 975541012473 2
9 975541012477 2
11 975541010817 2
11 975541010822 2
11 975541010825 2
11 975541010830 2
11 975541010833 2
11 975541010838 2
11 975541010841 2
11 975541010846 2
11 975541010849 2
11 975541010854 2
11 975541010857 2
11 975541010862 2
11 975541010865 2
11 975541010870 2
11 975541010873 2
11 975541010878 2
11 975541010881 2
11 975541010886 2
11 975541010889 2
11 975541010894 2
11 975541010897 2
11 975541010902 2
11 975541010905 2
11 975541010910 2
11 975541010913 2
11 975541010918 2
11 975541010921 2
11 975541010926 2
11 975541010929 2
11 975541010934 2
11 975541010937 2
11 975541010942 2
11 975541011969 2
11 975541011977 2
11 975541011985 2
11 975541011993 2
11 975541012001 2
11 975541012009 2
11 975541012017 2
11 975541012025 2
11 975541012033 2
11 975541012041 2
11 975541012049 2
11 975541012057 2
11 975541012065 2
11 975541012073 2
11 975541012081 2
11 975541012089 2
12 975541010818 2
12 975541010819 8
12 975541010820 2
12 975541010821 4
12 975541010822 4
12 975541010823 4
12 975541010826 2
12 975541010827 50
12 975541010828 2
12 975541010829 4
12 975541010830 4
12 975541010831 4
12 975541010834 2
12 975541010835 8
12 975541010836 2
12 975541010837 4
12 975541010838 4
12 975541010839 4
12 975541010842 2
12 975541010843 8
12 975541010844 2
12 975541010845 4
12 975541010846 4
12 975541010847 4
12 975541010850 2
12 975541010851 8
12 975541010852 2
12 975541010853 4
12 975541010854 4
12 975541010855 8
12 975541010858 2
12 975541010859 8
12 975541010860 2
12 975541010861 4
12 975541010862 4
12 975541010863 4
12 975541010866 2
12 975541010867 8
12 975541010868 2
12 975541010869 4
12 975541010870 4
12 975541010871 4
12 975541010874 2
12 975541010875 8
12 975541010876 2
12 975541010877 4
12 975541010878 4
12 975541010879 14
12 975541010882 2
12 975541010883 8
12 975541010884 2
12 975541010885 4
12 975541010886 4
12 975541010887 4
12 975541010890 2
12 975541010891 8
12 975541010892 2
12 975541010893 4
12 975541010894 4
12 975541010895 4
12 975541010898 2
12 975541010899 8
12 975541010900 2
12 975541010901 4
12 975541010902 4
12 975541010903 4
12 975541010906 2
12 975541010907 8
12 975541010908 2
12 975541010909 4
12 975541010910 4
12 975541010911 4
12 975541010914 2
12 975541010915 8
12 975541010916 2
12 975541010917 4
12 975541010918 4
12 975541010919 4
12 975541010922 2
12 975541010923 8
12 975541010924 2
12 975541010925 4
12 975541010926 4
12 975541010927 4
12 975541010930 2
12 975541010931 8
12 975541010932 2
12 975541010933 4
12 975541010934 4
12 975541010935 4
12 975541010938 2
12 975541010939 8
12 975541010940 2
12 975541010941 4
12 975541010942 4
12 975541010943 4
12 975541010945 2
12 975541010951 2
12 975541010953 2
12 975541010959 2
12 975541010961 2
12 975541010967 2
12 975541010969 2
12 975541010975 2
12 975541010977 2
12 975541010983 2
12 975541010985 2
12 975541010991 2
12 975541010993 2
12 975541010999 2
12 975541011001 2
12 975541011007 2
12 975541011009 2
12 975541011015 2
12 975541011017 2
12 975541011023 2
12 975541011025 2
12 975541011031 2
12 975541011033 2
12 975541011039 2
12 975541011041 2
12 975541011047 2
12 975541011049 2
12 975541011055 2
12 975541011057 2
12 975541011063 2
12 975541011065 2
12 975541011071 2
12 975541011201 2
12 975541011203 2
12 975541011209 2
12 975541011211 2
12 975541011217 2
12 975541011219 2
12 975541011225 2
12 975541011227 2
12 975541011233 2
12 975541011235 2
12 975541011241 2
12 975541011243 2
12 975541011249 2
12 975541011251 2
12 975541011257 2
12 975541011259 2
12 975541011265 2
12 975541011267 2
12 975541011273 2
12 975541011275 2
12 975541011281 2
12 975541011283 2
12 975541011289 2
12 975541011291 2
12 975541011297 2
12 975541011299 2
12 975541011305 2
12 975541011307 2
12 975541011313 2
12 975541011315 2
12 975541011321 2
12 975541011323 2
12 975541011329 2
12 975541011332 2
12 975541011337 2
12 975541011340 2
12 975541011345 2
12 975541011348 2
12 975541011353 2
12 975541011356 2
12 975541011361 2
12 975541011364 2
12 975541011369 2
12 975541011372 2
12 975541011377 2
12 975541011380 2
12 975541011385 2
12 975541011388 2
12 975541011393 2
12 975541011396 2
12 975541011401 2
12 975541011404 2
12 975541011409 113
12 975541011412 2
12 975541011417 3
12 975541011420 2
12 975541011425 2
12 975541011428 2
12 975541011433 2
12 975541011436 2
12 975541011441 2
12 975541011444 2
12 975541011449 2
12 975541011452 2
12 975541011457 2
12 975541011462 2
12 975541011465 2
12 975541011470 2
12 975541011473 2
12 975541011478 2
12 975541011481 2
12 975541011486 2
12 975541011489 2
12 975541011494 2
12 975541011497 2
12 975541011502 2
12 975541011505 2
12 975541011510 2
12 975541011513 2
12 975541011518 2
12 975541011521 9
12 975541011526 2
12 975541011529 2
12 975541011534 2
12 975541011537 2
12 975541011542 2
12 975541011545 2
12 975541011550 2
12 975541011553 22
12 975541011558 2
12 975541011561 2
12 975541011566 2
12 975541011569 3
12 975541011574 2
12 975541011577 4
12 975541011582 2
12 975541011585 4
12 975541011591 2
12 975541011593 3
12 975541011599 2
12 975541011601 75
12 975541011607 2
12 975541011609 2
12 975541011615 2
12 975541011617 4
12 975541011623 2
12 975541011625 6
12 975541011631 2
12 975541011633 4
12 975541011639 2
12 975541011641 2
12 975541011647 2
12 975541011649 2
12 975541011655 2
12 975541011657 30
12 975541011663 2
12 975541011665 2
12 975541011671 2
12 975541011673 2
12 975541011679 2
12 975541011681 2
12 975541011687 2
12 975541011689 574
12 975541011695 2
12 975541011697 2
12 975541011703 2
12 975541011705 4
12 975541011711 2
12 975541011841 2
12 975541011843 2
12 975541011849 2
12 975541011851 2
12 975541011857 2
12 975541011859 2
12 975541011865 2
12 975541011867 2
12 975541011873 2
12 975541011875 2
12 975541011881 2
12 975541011883 2
12 975541011889 2
12 975541011891 2
12 975541011897 2
12 975541011899 2
12 975541011905 2
12 975541011907 2
12 975541011913 2
12 975541011915 2
12 975541011921 2
12 975541011923 2
12 975541011929 2
12 975541011931 2
12 975541011937 2
12 975541011939 2
12 975541011945 2
12 975541011947 2
12 975541011953 2
12 975541011955 2
12 975541011961 2
12 975541011963 2
12 975541011969 4
12 975541011970 2
12 975541011971 2
12 975541011977 4
12 975541011978 2
12 975541011979 2
12 975541011985 4
12 975541011986 2
12 975541011987 2
12 975541011993 4
12 975541011994 2
12 975541011995 2
12 975541012001 4
12 975541012002 2
12 975541012003 2
12 975541012009 4
12 975541012010 2
12 975541012011 2
12 975541012017 4
12 975541012018 2
12 975541012019 2
12 975541012025 4
12 975541012026 2
12 975541012027 2
12 975541012033 4
12 975541012034 2
12 975541012035 2
12 975541012041 4
12 975541012042 2
12 975541012043 2
12 975541012049 4
12 975541012050 2
12 975541012051 2
12 975541012057 4
12 975541012058 2
12 975541012059 2
12 975541012065 4
12 975541012066 2
12 975541012067 2
12 975541012073 4
12 975541012074 2
12 975541012075 2
12 975541012081 4
12 975541012082 2
12 975541012083 2
12 975541012089 4
12 975541012090 2
12 975541012091 2
12 975541012097 4
12 975541012099 2
12 975541012101 2
12 975541012105 4
12 975541012107 26
12 975541012109 2
12 975541012113 4
12 975541012115 2
12 975541012117 2
12 975541012121 4
12 975541012123 2
12 975541012125 2
12 975541012129 4
12 975541012131 2
12 975541012133 2
12 975541012137 4
12 975541012139 2
12 975541012141 2
12 975541012145 4
12 975541012147 2
12 975541012149 2
12 975541012153 4
12 975541012155 31
12 975541012157 2
12 975541012161 4
12 975541012163 2
12 975541012165 2
12 975541012169 4
12 975541012171 2
12 975541012173 2
12 975541012177 4
12 975541012179 2
12 975541012181 2
12 975541012185 4
12 975541012187 2
12 975541012189 2
12 975541012193 4
12 975541012195 2
12 975541012197 2
12 975541012201 4
12 975541012203 2
12 975541012205 2
12 975541012209 4
12 975541012211 2
12 975541012213 2
12 975541012217 4
12 975541012219 2
12 975541012221 2
12 975541012225 2
12 975541012229 2
12 975541012233 2
12 975541012237 2
12 975541012241 2
12 975541012245 2
12 975541012249 2
12 975541012253 2
12 975541012257 2
12 975541012261 2
12 975541012265 2
12 975541012269 2
12 975541012273 2
12 975541012277 2
12 975541012281 2
12 975541012285 2
12 975541012289 2
12 975541012293 2
12 975541012297 2
12 975541012301 2
12 975541012305 2
12 975541012309 2
12 975541012313 2
12 975541012317 2
12 975541012321 2
12 975541012325 2
12 975541012329 2
12 975541012333 2
12 975541012337 2
12 975541012341 2
12 975541012345 2
12 975541012349 2
12 975541012353 2
12 975541012358 2
12 975541012361 2
12 975541012366 2
12 975541012369 2
12 975541012374 2
12 975541012377 2
12 975541012382 2
12 975541012385 2
12 975541012390 2
12 975541012393 2
12 975541012398 2
12 975541012401 2
12 975541012406 2
12 975541012409 2
12 975541012414 2
12 975541012417 2
12 975541012422 2
12 975541012425 2
12 975541012430 2
12 975541012433 2
12 975541012438 2
12 975541012441 2
12 975541012446 2
12 975541012449 2
12 975541012454 2
12 975541012457 2
12 975541012462 2
12 975541012465 2
12 975541012470 2
12 975541012473 2
12 975541012478 2
14 975541010946 2
14 975541010947 2
14 975541010954 2
14 975541010955 2
14 975541010962 2
14 975541010963 2
14 975541010970 2
14 975541010971 2
14 975541010978 2
14 975541010979 2
14 975541010986 2
14 975541010987 2
14 975541010994 2
14 975541010995 2
14 975541011002 2
14 975541011003 2
14 975541011010 2
14 975541011011 2
14 975541011018 2
14 975541011019 2
14 975541011026 2
14 975541011027 2
14 975541011034 2
14 975541011035 2
14 975541011042 2
14 975541011043 2
14 975541011050 2
14 975541011051 2
14 975541011058 2
14 975541011059 2
14 975541011066 2
14 975541011067 2
14 975541011330 2
14 975541011338 2
14 975541011346 2
14 975541011354 2
14 975541011362 2
14 975541011370 2
14 975541011378 2
14 975541011386 2
14 975541011394 2
14 975541011402 2
14 975541011410 2
14 975541011418 2
14 975541011426 2
14 975541011434 2
14 975541011442 2
14 975541011450 2
15 975541010946 21
15 975541010948 77
15 975541010949 4
15 975541010950 2
15 975541010951 4
15 975541010954 5
15 975541010956 4
15 975541010957 2
15 975541010958 2
15 975541010959 4
15 975541010962 2
15 975541010964 4
15 975541010965 2
15 975541010966 4
15 975541010967 4
15 975541010970 9
15 975541010972 4
15 975541010973 2
15 975541010974 13
15 975541010975 4
15 975541010978 2
15 975541010980 4
15 975541010981 2
15 975541010982 2
15 975541010983 4
15 975541010986 2
15 975541010988 4
15 975541010989 2
15 975541010990 2
15 975541010991 4
15 975541010994 10
15 975541010996 4
15 975541010997 2
15 975541010998 2
15 975541010999 4
15 975541011002 2
15 975541011004 139
15 975541011005 2
15 975541011006 2
15 975541011007 4
15 975541011010 2
15 975541011012 9
15 975541011013 2
15 975541011014 2
15 975541011015 25
15 975541011018 2
15 975541011020 4
15 975541011021 2
15 975541011022 2
15 975541011023 5
15 975541011026 104
15 975541011028 4
15 975541011029 2
15 975541011030 27
15 975541011031 4
15 975541011034 4
15 975541011036 4
15 975541011037 2
15 975541011038 2
15 975541011039 4
15 975541011042 2
15 975541011044 4
15 975541011045 2
15 975541011046 2
15 975541011047 4
15 975541011050 2
15 975541011052 14
15 975541011053 2
15 975541011054 131
15 975541011055 4
15 975541011058 2
15 975541011060 4
15 975541011061 2
15 975541011062 10
15 975541011063 4
15 975541011066 2
15 975541011068 4
15 975541011069 2
15 975541011070 10
15 975541011071 4
15 975541011074 2
15 975541011077 2
15 975541011082 2
15 975541011085 2
15 975541011090 2
15 975541011093 2
15 975541011098 2
15 975541011101 2
15 975541011106 2
15 975541011109 2
15 975541011114 2
15 975541011117 2
15 975541011122 2
15 975541011125 2
15 975541011130 2
15 975541011133 2
15 975541011138 2
15 975541011141 78
15 975541011146 2
15 975541011149 2
15 975541011154 2
15 975541011157 2
15 975541011162 2
15 975541011165 2
15 975541011170 2
15 975541011173 2
15 975541011178 2
15 975541011181 2
15 975541011186 2
15 975541011189 2
15 975541011194 2
15 975541011197 2
15 975541011202 2
15 975541011207 2
15 975541011210 2
15 975541011215 2
15 975541011218 2
15 975541011223 2
15 975541011226 2
15 975541011231 2
15 975541011234 2
15 975541011239 2
15 975541011242 2
15 975541011247 2
15 975541011250 2
15 975541011255 2
15 975541011258 2
15 975541011263 2
15 975541011266 28
15 975541011271 2
15 975541011274 5
15 975541011279 2
15 975541011282 2
15 975541011287 2
15 975541011290 2
15 975541011295 2
15 975541011298 2
15 975541011303 2
15 975541011306 2
15 975541011311 2
15 975541011314 2
15 975541011319 2
15 975541011322 29
15 975541011327 2
15 975541011458 2
15 975541011460 2
15 975541011466 11
15 975541011468 2
15 975541011474 2
15 975541011476 2
15 975541011482 2
15 975541011484 2
15 975541011490 2
15 975541011492 2
15 975541011498 2
15 975541011500 2
15 975541011506 2
15 975541011508 2
15 975541011514 2
15 975541011516 2
15 975541011522 2
15 975541011524 2
15 975541011530 2
15 975541011532 2
15 975541011538 14
15 975541011540 2
15 975541011546 14
15 975541011548 2
15 975541011554 2
15 975541011556 2
15 975541011562 2
15 975541011564 2
15 975541011570 2
15 975541011572 2
15 975541011578 2
15 975541011580 2
15 975541011586 2
15 975541011590 2
15 975541011594 2
15 975541011598 2
15 975541011602 20
15 975541011606 2
15 975541011610 2
15 975541011614 2
15 975541011618 13
15 975541011622 2
15 975541011626 20
15 975541011630 2
15 975541011634 2
15 975541011638 2
15 975541011642 2
15 975541011646 2
15 975541011650 2
15 975541011654 2
15 975541011658 2
15 975541011662 2
15 975541011666 51
15 975541011670 97
15 975541011674 28
15 975541011678 2
15 975541011682 2
15 975541011686 41
15 975541011690 2
15 975541011694 2
15 975541011698 2
15 975541011702 2
15 975541011706 2
15 975541011710 2
15 975541011842 4
15 975541011850 58
15 975541011858 4
15 975541011866 4
15 975541011874 4
15 975541011882 4
15 975541011890 4
15 975541011898 4
15 975541011906 4
15 975541011914 4
15 975541011922 4
15 975541011930 4
15 975541011938 4
15 975541011946 17
15 975541011954 4
15 975541011962 4
15 975541011970 2
15 975541011972 2
15 975541011978 2
15 975541011980 2
15 975541011986 2
15 975541011988 2
15 975541011994 2
15 975541011996 2
15 975541012002 3
15 975541012004 2
15 975541012010 17
15 975541012012 2
15 975541012018 2
15 975541012020 2
15 975541012026 2
15 975541012028 2
15 975541012034 2
15 975541012036 113
15 975541012042 2
15 975541012044 2
15 975541012050 2
15 975541012052 2
15 975541012058 2
15 975541012060 2
15 975541012066 2
15 975541012068 2
15 975541012074 27
15 975541012076 2
15 975541012082 2
15 975541012084 2
15 975541012090 2
15 975541012092 2
15 975541012354 2
15 975541012359 2
15 975541012362 2
15 975541012367 2
15 975541012370 2
15 975541012375 2
15 975541012378 2
15 975541012383 2
15 975541012386 2
15 975541012391 2
15 975541012394 2
15 975541012399 2
15 975541012402 2
15 975541012407 2
15 975541012410 2
15 975541012415 2
15 975541012418 2
15 975541012423 2
15 975541012426 2
15 975541012431 2
15 975541012434 2
15 975541012439 2
15 975541012442 2
15 975541012447 2
15 975541012450 2
15 975541012455 2
15 975541012458 2
15 975541012463 2
15 975541012466 2
15 975541012471 2
15 975541012474 2
15 975541012479 2
18 975541011076 190
18 975541011078 2
18 975541011079 6
18 975541011084 6
18 975541011086 2
18 975541011087 6
18 975541011092 6
18 975541011094 2
18 975541011095 6
18 975541011100 6
18 975541011102 2
18 975541011103 6
18 975541011108 6
18 975541011110 2
18 975541011111 6
18 975541011116 6
18 975541011118 2
18 975541011119 6
18 975541011124 6
18 975541011126 2
18 975541011127 6
18 975541011132 6
18 975541011134 2
18 975541011135 6
18 975541011140 6
18 975541011142 2
18 975541011143 6
18 975541011148 6
18 975541011150 2
18 975541011151 6
18 975541011156 6
18 975541011158 2
18 975541011159 6
18 975541011164 6
18 975541011166 2
18 975541011167 6
18 975541011172 6
18 975541011174 2
18 975541011175 6
18 975541011180 6
18 975541011182 2
18 975541011183 6
18 975541011188 6
18 975541011190 2
18 975541011191 6
18 975541011196 6
18 975541011198 2
18 975541011199 6
18 975541011202 2
18 975541011204 2
18 975541011210 2
18 975541011212 2
18 975541011218 2
18 975541011220 2
18 975541011226 2
18 975541011228 2
18 975541011234 2
18 975541011236 2
18 975541011242 2
18 975541011244 2
18 975541011250 2
18 975541011252 2
18 975541011258 2
18 975541011260 2
18 975541011266 2
18 975541011268 2
18 975541011274 2
18 975541011276 2
18 975541011282 2
18 975541011284 2
18 975541011290 2
18 975541011292 2
18 975541011298 2
18 975541011300 2
18 975541011306 2
18 975541011308 2
18 975541011314 2
18 975541011316 2
18 975541011322 2
18 975541011324 2
18 975541011330 2
18 975541011335 2
18 975541011338 2
18 975541011343 2
18 975541011346 2
18 975541011351 2
18 975541011354 2
18 975541011359 2
18 975541011362 2
18 975541011367 2
18 975541011370 2
18 975541011375 2
18 975541011378 2
18 975541011383 2
18 975541011386 2
18 975541011391 2
18 975541011394 2
18 975541011399 2
18 975541011402 2
18 975541011407 2
18 975541011410 2
18 975541011415 2
18 975541011418 2
18 975541011423 2
18 975541011426 2
18 975541011431 2
18 975541011434 2
18 975541011439 2
18 975541011442 7
18 975541011447 2
18 975541011450 8
18 975541011455 2
18 975541011586 2
18 975541011588 2
18 975541011594 2
18 975541011596 2
18 975541011602 2
18 975541011604 2
18 975541011610 2
18 975541011612 2
18 975541011618 2
18 975541011620 2
18 975541011626 2
18 975541011628 2
18 975541011634 2
18 975541011636 2
18 975541011642 2
18 975541011644 2
18 975541011650 2
18 975541011652 2
18 975541011658 2
18 975541011660 2
18 975541011666 2
18 975541011668 2
18 975541011674 2
18 975541011676 2
18 975541011682 2
18 975541011684 2
18 975541011690 2
18 975541011692 2
18 975541011698 2
18 975541011700 2
18 975541011706 2
18 975541011708 2
18 975541011714 46
18 975541011719 2
18 975541011722 2
18 975541011727 2
18 975541011730 2
18 975541011735 2
18 975541011738 2
18 975541011743 16
18 975541011746 2
18 975541011751 2
18 975541011754 2
18 975541011759 2
18 975541011762 2
18 975541011767 2
18 975541011770 2
18 975541011775 2
18 975541011778 2
18 975541011783 2
18 975541011786 191
18 975541011791 2
18 975541011794 2
18 975541011799 2
18 975541011802 2
18 975541011807 2
18 975541011810 2
18 975541011815 2
18 975541011818 2
18 975541011823 2
18 975541011826 2
18 975541011831 2
18 975541011834 2
18 975541011839 27
18 975541011970 2
18 975541011972 2
18 975541011978 2
18 975541011980 2
18 975541011986 2
18 975541011988 2
18 975541011994 2
18 975541011996 2
18 975541012002 2
18 975541012004 2
18 975541012010 2
18 975541012012 2
18 975541012018 2
18 975541012020 2
18 975541012026 2
18 975541012028 2
18 975541012034 2
18 975541012036 2
18 975541012042 2
18 975541012044 2
18 975541012050 2
18 975541012052 2
18 975541012058 2
18 975541012060 2
18 975541012066 2
18 975541012068 2
18 975541012074 2
18 975541012076 2
18 975541012082 2
18 975541012084 2
18 975541012090 2
18 975541012092 2
18 975541012098 2
18 975541012103 2
18 975541012106 2
18 975541012111 2
18 975541012114 2
18 975541012119 2
18 975541012122 2
18 975541012127 2
18 975541012130 2
18 975541012135 2
18 975541012138 2
18 975541012143 2
18 975541012146 2
18 975541012151 2
18 975541012154 2
18 975541012159 2
18 975541012162 2
18 975541012167 2
18 975541012170 2
18 975541012175 2
18 975541012178 2
18 975541012183 2
18 975541012186 2
18 975541012191 2
18 975541012194 2
18 975541012199 2
18 975541012202 2
18 975541012207 2
18 975541012210 7
18 975541012215 2
18 975541012218 2
18 975541012223 2
18 975541012354 2
18 975541012358 2
18 975541012362 2
18 975541012366 2
18 975541012370 2
18 975541012374 2
18 975541012378 2
18 975541012382 2
18 975541012386 2
18 975541012390 2
18 975541012394 2
18 975541012398 2
18 975541012402 2
18 975541012406 2
18 975541012410 2
18 975541012414 2
18 975541012418 2
18 975541012422 2
18 975541012426 2
18 975541012430 2
18 975541012434 2
18 975541012438 2
18 975541012442 2
18 975541012446 2
18 975541012450 2
18 975541012454 2
18 975541012458 2
18 975541012462 2
18 975541012466 2
18 975541012470 2
18 975541012474 2
18 975541012478 2
21 975541011203 4
21 975541011205 4
21 975541011206 4
21 975541011211 4
21 975541011213 4
21 975541011214 4
21 975541011219 4
21 975541011221 4
21 975541011222 4
21 975541011227 4
21 975541011229 4
21 975541011230 4
21 975541011235 4
21 975541011237 4
21 975541011238 4
21 975541011243 4
21 975541011245 9
21 975541011246 4
21 975541011251 4
21 975541011253 4
21 975541011254 4
21 975541011259 40
21 975541011261 4
21 975541011262 4
21 975541011267 4
21 975541011269 9
21 975541011270 4
21 975541011275 4
21 975541011277 6
21 975541011278 4
21 975541011283 4
21 975541011285 4
21 975541011286 34
21 975541011291 4
21 975541011293 4
21 975541011294 4
21 975541011299 4
21 975541011301 4
21 975541011302 4
21 975541011307 4
21 975541011309 4
21 975541011310 4
21 975541011315 4
21 975541011317 4
21 975541011318 9
21 975541011323 4
21 975541011325 4
21 975541011326 4
21 975541011331 4
21 975541011339 4
21 975541011347 4
21 975541011355 4
21 975541011363 4
21 975541011371 4
21 975541011379 4
21 975541011387 4
21 975541011395 4
21 975541011403 4
21 975541011411 4
21 975541011419 4
21 975541011427 4
21 975541011435 4
21 975541011443 4
21 975541011451 4
21 975541011459 2
21 975541011462 2
21 975541011467 2
21 975541011470 2
21 975541011475 2
21 975541011478 2
21 975541011483 2
21 975541011486 2
21 975541011491 2
21 975541011494 2
21 975541011499 2
21 975541011502 2
21 975541011507 2
21 975541011510 2
21 975541011515 2
21 975541011518 2
21 975541011523 2
21 975541011526 2
21 975541011531 2
21 975541011534 2
21 975541011539 2
21 975541011542 2
21 975541011547 2
21 975541011550 2
21 975541011555 2
21 975541011558 2
21 975541011563 2
21 975541011566 2
21 975541011571 2
21 975541011574 2
21 975541011579 2
21 975541011582 2
21 975541011715 2
21 975541011717 2
21 975541011723 2
21 975541011725 2
21 975541011731 2
21 975541011733 2
21 975541011739 2
21 975541011741 2
21 975541011747 2
21 975541011749 2
21 975541011755 2
21 975541011757 2
21 975541011763 2
21 975541011765 2
21 975541011771 2
21 975541011773 2
21 975541011779 2
21 975541011781 2
21 975541011787 2
21 975541011789 2
21 975541011795 2
21 975541011797 2
21 975541011803 2
21 975541011805 2
21 975541011811 2
21 975541011813 2
21 975541011819 2
21 975541011821 2
21 975541011827 2
21 975541011829 2
21 975541011835 2
21 975541011837 2
21 975541011971 4
21 975541011979 4
21 975541011987 4
21 975541011995 4
21 975541012003 4
21 975541012011 4
21 975541012019 4
21 975541012027 4
21 975541012035 4
21 975541012043 4
21 975541012051 4
21 975541012059 4
21 975541012067 4
21 975541012075 4
21 975541012083 4
21 975541012091 4
21 975541012099 2
21 975541012102 2
21 975541012107 2
21 975541012110 2
21 975541012115 2
21 975541012118 2
21 975541012123 2
21 975541012126 2
21 975541012131 2
21 975541012134 2
21 975541012139 2
21 975541012142 2
21 975541012147 2
21 975541012150 2
21 975541012155 2
21 975541012158 2
21 975541012163 2
21 975541012166 2
21 975541012171 2
21 975541012174 2
21 975541012179 2
21 975541012182 2
21 975541012187 2
21 975541012190 2
21 975541012195 2
21 975541012198 2
21 975541012203 2
21 975541012206 2
21 975541012211 2
21 975541012214 2
21 975541012219 2
21 975541012222 2
21 975541012355 241
21 975541012357 2
21 975541012363 15
21 975541012365 2
21 975541012371 2
21 975541012373 2
21 975541012379 2
21 975541012381 2
21 975541012387 2
21 975541012389 2
21 975541012395 2
21 975541012397 2
21 975541012403 2
21 975541012405 2
21 975541012411 2
21 975541012413 2
21 975541012419 2
21 975541012421 2
21 975541012427 2
21 975541012429 2
21 975541012435 2
21 975541012437 2
21 975541012443 2
21 975541012445 2
21 975541012451 2
21 975541012453 2
21 975541012459 2
21 975541012461 2
21 975541012467 2
21 975541012469 2
21 975541012475 2
21 975541012477 2
24 975541011332 2
24 975541011334 67
24 975541011335 4
24 975541011340 2
24 975541011342 4
24 975541011343 4
24 975541011348 2
24 975541011350 134
24 975541011351 4
24 975541011356 2
24 975541011358 4
24 975541011359 48
24 975541011364 2
24 975541011366 4
24 975541011367 4
24 975541011372 2
24 975541011374 4
24 975541011375 4
24 975541011380 2
24 975541011382 4
24 975541011383 4
24 975541011388 2
24 975541011390 4
24 975541011391 4
24 975541011396 2
24 975541011398 4
24 975541011399 4
24 975541011404 2
24 975541011406 4
24 975541011407 4
24 975541011412 2
24 975541011414 4
24 975541011415 4
24 975541011420 2
24 975541011422 4
24 975541011423 4
24 975541011428 2
24 975541011430 4
24 975541011431 4
24 975541011436 2
24 975541011438 4
24 975541011439 4
24 975541011444 2
24 975541011446 16
24 975541011447 4
24 975541011452 2
24 975541011454 131
24 975541011455 4
24 975541011459 2
24 975541011460 2
24 975541011467 2
24 975541011468 2
24 975541011475 2
24 975541011476 2
24 975541011483 2
24 975541011484 2
24 975541011491 2
24 975541011492 2
24 975541011499 2
24 975541011500 2
24 975541011507 2
24 975541011508 2
24 975541011515 2
24 975541011516 2
24 975541011523 2
24 975541011524 2
24 975541011531 2
24 975541011532 2
24 975541011539 2
24 975541011540 2
24 975541011547 2
24 975541011548 2
24 975541011555 2
24 975541011556 2
24 975541011563 2
24 975541011564 2
24 975541011571 2
24 975541011572 2
24 975541011579 2
24 975541011580 2
24 975541011587 2
24 975541011591 2
24 975541011595 2
24 975541011599 2
24 975541011603 2
24 975541011607 2
24 975541011611 2
24 975541011615 2
24 975541011619 2
24 975541011623 2
24 975541011627 2
24 975541011631 2
24 975541011635 2
24 975541011639 2
24 975541011643 2
24 975541011647 2
24 975541011651 2
24 975541011655 2
24 975541011659 2
24 975541011663 2
24 975541011667 2
24 975541011671 2
24 975541011675 2
24 975541011679 2
24 975541011683 2
24 975541011687 2
24 975541011691 2
24 975541011695 2
24 975541011699 2
24 975541011703 2
24 975541011707 2
24 975541011711 2
24 975541011843 2
24 975541011847 2
24 975541011851 2
24 975541011855 23
24 975541011859 2
24 975541011863 2
24 975541011867 2
24 975541011871 2
24 975541011875 2
24 975541011879 2
24 975541011883 2
24 975541011887 2
24 975541011891 2
24 975541011895 2
24 975541011899 2
24 975541011903 2
24 975541011907 2
24 975541011911 2
24 975541011915 2
24 975541011919 2
24 975541011923 2
24 975541011927 2
24 975541011931 2
24 975541011935 31
24 975541011939 2
24 975541011943 2
24 975541011947 68
24 975541011951 2
24 975541011955 2
24 975541011959 2
24 975541011963 2
24 975541011967 2
24 975541012099 2
24 975541012102 2
24 975541012107 2
24 975541012110 2
24 975541012115 2
24 975541012118 44
24 975541012123 2
24 975541012126 2
24 975541012131 2
24 975541012134 2
24 975541012139 2
24 975541012142 2
24 975541012147 2
24 975541012150 2
24 975541012155 2
24 975541012158 2
24 975541012163 2
24 975541012166 6
24 975541012171 2
24 975541012174 2
24 975541012179 2
24 975541012182 2
24 975541012187 2
24 975541012190 2
24 975541012195 2
24 975541012198 2
24 975541012203 5
24 975541012206 2
24 975541012211 142
24 975541012214 13
24 975541012219 2
24 975541012222 2
24 975541012355 2
24 975541012358 2
24 975541012363 2
24 975541012366 2
24 975541012371 2
24 975541012374 2
24 975541012379 2
24 975541012382 2
24 975541012387 2
24 975541012390 2
24 975541012395 2
24 975541012398 2
24 975541012403 27
24 975541012406 2
24 975541012411 2
24 975541012414 2
24 975541012419 2
24 975541012422 2
24 975541012427 2
24 975541012430 2
24 975541012435 2
24 975541012438 2
24 975541012443 2
24 975541012446 2
24 975541012451 2
24 975541012454 2
24 975541012459 2
24 975541012462 2
24 975541012467 2
24 975541012470 2
24 975541012475 2
24 975541012478 2
27 975541011462 4
27 975541011463 4
27 975541011470 4
27 975541011471 22
27 975541011478 4
27 975541011479 4
27 975541011486 4
27 975541011487 4
27 975541011494 4
27 975541011495 4
27 975541011502 4
27 975541011503 4
27 975541011510 4
27 975541011511 4
27 975541011518 4
27 975541011519 4
27 975541011526 4
27 975541011527 4
27 975541011534 4
27 975541011535 4
27 975541011542 4
27 975541011543 4
27 975541011550 4
27 975541011551 4
27 975541011558 4
27 975541011559 4
27 975541011566 4
27 975541011567 44
27 975541011574 4
27 975541011575 23
27 975541011582 4
27 975541011583 4
27 975541011588 2
27 975541011590 2
27 975541011596 2
27 975541011598 2
27 975541011604 2
27 975541011606 2
27 975541011612 2
27 975541011614 2
27 975541011620 2
27 975541011622 2
27 975541011628 2
27 975541011630 2
27 975541011636 2
27 975541011638 2
27 975541011644 2
27 975541011646 2
27 975541011652 2
27 975541011654 2
27 975541011660 2
27 975541011662 2
27 975541011668 2
27 975541011670 2
27 975541011676 2
27 975541011678 2
27 975541011684 2
27 975541011686 2
27 975541011692 2
27 975541011694 2
27 975541011700 2
27 975541011702 2
27 975541011708 2
27 975541011710 2
27 975541011844 2
27 975541011846 2
27 975541011852 2
27 975541011854 2
27 975541011860 2
27 975541011862 2
27 975541011868 2
27 975541011870 2
27 975541011876 2
27 975541011878 2
27 975541011884 2
27 975541011886 2
27 975541011892 2
27 975541011894 2
27 975541011900 2
27 975541011902 2
27 975541011908 2
27 975541011910 2
27 975541011916 2
27 975541011918 2
27 975541011924 2
27 975541011926 2
27 975541011932 2
27 975541011934 2
27 975541011940 2
27 975541011942 2
27 975541011948 2
27 975541011950 2
27 975541011956 2
27 975541011958 2
27 975541011964 2
27 975541011966 2
27 975541012100 2
27 975541012103 2
27 975541012108 2
27 975541012111 2
27 975541012116 2
27 975541012119 2
27 975541012124 2
27 975541012127 2
27 975541012132 2
27 975541012135 2
27 975541012140 2
27 975541012143 2
27 975541012148 2
27 975541012151 2
27 975541012156 2
27 975541012159 2
27 975541012164 2
27 975541012167 2
27 975541012172 2
27 975541012175 2
27 975541012180 2
27 975541012183 2
27 975541012188 2
27 975541012191 2
27 975541012196 2
27 975541012199 2
27 975541012204 2
27 975541012207 2
27 975541012212 2
27 975541012215 2
27 975541012220 2
27 975541012223 2
27 975541012356 2
27 975541012359 2
27 975541012364 2
27 975541012367 2
27 975541012372 2
27 975541012375 2
27 975541012380 2
27 975541012383 2
27 975541012388 8
27 975541012391 2
27 975541012396 2
27 975541012399 2
27 975541012404 2
27 975541012407 2
27 975541012412 2
27 975541012415 2
27 975541012420 2
27 975541012423 2
27 975541012428 2
27 975541012431 2
27 975541012436 2
27 975541012439 2
27 975541012444 2
27 975541012447 2
27 975541012452 2
27 975541012455 2
27 975541012460 2
27 975541012463 2
27 975541012468 2
27 975541012471 2
27 975541012476 306
27 975541012479 2
30 975541011589 2
30 975541011591 2
30 975541011597 2
30 975541011599 2
30 975541011605 2
30 975541011607 2
30 975541011613 2
30 975541011615 2
30 975541011621 2
30 975541011623 2
30 975541011629 2
30 975541011631 2
30 975541011637 2
30 975541011639 2
30 975541011645 2
30 975541011647 2
30 975541011653 2
30 975541011655 2
30 975541011661 2
30 975541011663 2
30 975541011669 2
30 975541011671 2
30 975541011677 2
30 975541011679 2
30 975541011685 2
30 975541011687 2
30 975541011693 2
30 975541011695 2
30 975541011701 2
30 975541011703 2
30 975541011709 2
30 975541011711 2
30 975541011844 2
30 975541011845 2
30 975541011852 2
30 975541011853 2
30 975541011860 2
30 975541011861 2
30 975541011868 2
30 975541011869 2
30 975541011876 2
30 975541011877 2
30 975541011884 2
30 975541011885 2
30 975541011892 2
30 975541011893 2
30 975541011900 2
30 975541011901 2
30 975541011908 2
30 975541011909 2
30 975541011916 2
30 975541011917 2
30 975541011924 2
30 975541011925 2
30 975541011932 2
30 975541011933 2
30 975541011940 2
30 975541011941 2
30 975541011948 2
30 975541011949 2
30 975541011956 2
30 975541011957 2
30 975541011964 2
30 975541011965 2
30 975541012100 2
30 975541012103 2
30 975541012108 2
30 975541012111 2
30 975541012116 2
30 975541012119 2
30 975541012124 2
30 975541012127 2
30 975541012132 2
30 975541012135 2
30 975541012140 2
30 975541012143 2
30 975541012148 2
30 975541012151 2
30 975541012156 2
30 975541012159 2
30 975541012164 2
30 975541012167 2
30 975541012172 2
30 975541012175 2
30 975541012180 2
30 975541012183 2
30 975541012188 2
30 975541012191 2
30 975541012196 2
30 975541012199 2
30 975541012204 2
30 975541012207 2
30 975541012212 2
30 975541012215 2
30 975541012220 2
30 975541012223 2
32 975541011717 4
32 975541011725 4
32 975541011733 4
32 975541011741 4
32 975541011749 4
32 975541011757 4
32 975541011765 4
32 975541011773 4
32 975541011781 4
32 975541011789 4
32 975541011797 4
32 975541011805 4
32 975541011813 4
32 975541011821 4
32 975541011829 4
32 975541011837 4
32 975541011845 2
32 975541011853 2
32 975541011861 2
32 975541011869 2
32 975541011877 2
32 975541011885 2
32 975541011893 2
32 975541011901 2
32 975541011909 2
32 975541011917 2
32 975541011925 2
32 975541011933 2
32 975541011941 2
32 975541011949 2
32 975541011957 2
32 975541011965 2
33 975541011717 2
33 975541011725 2
33 975541011733 2
33 975541011741 2
33 975541011749 2
33 975541011757 2
33 975541011765 2
33 975541011773 2
33 975541011781 2
33 975541011789 2
33 975541011797 2
33 975541011805 2
33 975541011813 2
33 975541011821 2
33 975541011829 2
33 975541011837 2
33 975541012101 4
33 975541012109 4
33 975541012117 4
33 975541012125 4
33 975541012133 4
33 975541012141 4
33 975541012149 4
33 975541012157 4
33 975541012165 4
33 975541012173 4
33 975541012181 4
33 975541012189 4
33 975541012197 4
33 975541012205 4
33 975541012213 4
33 975541012221 4
34 975541011845 2
34 975541011853 2
34 975541011861 2
34 975541011869 2
34 975541011877 2
34 975541011885 2
34 975541011893 2
34 975541011901 2
34 975541011909 2
34 975541011917 2
34 975541011925 2
34 975541011933 2
34 975541011941 2
34 975541011949 2
34 975541011957 2
34 975541011965 2
36 975541011847 2
36 975541011855 2
36 975541011863 2
36 975541011871 2
36 975541011879 2
36 975541011887 2
36 975541011895 2
36 975541011903 2
36 975541011911 2
36 975541011919 2
36 975541011927 2
36 975541011935 2
36 975541011943 2
36 975541011951 2
36 975541011959 2
36 975541011967 2
36 975541012229 2
36 975541012231 2
36 975541012237 2
36 975541012239 2
36 975541012245 2
36 975541012247 2
36 975541012253 2
36 975541012255 2
36 975541012261 2
36 975541012263 2
36 975541012269 2
36 975541012271 2
36 975541012277 2
36 975541012279 2
36 975541012285 2
36 975541012287 2
36 975541012293 2
36 975541012295 2
36 975541012301 2
36 975541012303 2
36 975541012309 2
36 975541012311 2
36 975541012317 2
36 975541012319 2
36 975541012325 2
36 975541012327 2
36 975541012333 2
36 975541012335 2
36 975541012341 2
36 975541012343 2
36 975541012349 2
36 975541012351 2
39 975541011975 2
39 975541011983 2
39 975541011991 2
39 975541011999 2
39 975541012007 2
39 975541012015 2
39 975541012023 2
39 975541012031 2
39 975541012039 2
39 975541012047 2
39 975541012055 2
39 975541012063 2
39 975541012071 2
39 975541012079 2
39 975541012087 2
39 975541012095 2
39 975541012230 2
39 975541012231 2
39 975541012238 2
39 975541012239 2
39 975541012246 2
39 975541012247 2
39 975541012254 2
39 975541012255 2
39 975541012262 2
39 975541012263 2
39 975541012270 2
39 975541012271 2
39 975541012278 2
39 975541012279 2
39 975541012286 2
39 975541012287 2
39 975541012294 2
39 975541012295 2
39 975541012302 2
39 975541012303 2
39 975541012310 2
39 975541012311 2
39 975541012318 2
39 975541012319 2
39 975541012326 2
39 975541012327 2
39 975541012334 2
39 975541012335 2
39 975541012342 2
39 975541012343 2
39 975541012350 2
39 975541012351 2
