2 975541010432 2
2 975541010435 2
2 975541010440 2
2 975541010443 2
2 975541010448 2
2 975541010451 2
2 975541010456 2
2 975541010459 2
2 975541010464 2
2 975541010467 2
2 975541010472 2
2 975541010475 2
2 975541010480 2
2 975541010483 2
2 975541010488 2
2 975541010491 2
2 975541010496 2
2 975541010499 2
2 975541010504 2
2 975541010507 2
2 975541010512 2
2 975541010515 2
2 975541010520 2
2 975541010523 2
2 975541010528 2
2 975541010531 2
2 975541010536 2
2 975541010539 2
2 975541010544 2
2 975541010547 2
2 975541010552 2
2 975541010555 2
2 975541011328 2
2 975541011336 2
2 975541011344 2
2 975541011352 2
2 975541011360 2
2 975541011368 2
2 975541011376 2
2 975541011384 2
2 975541011392 2
2 975541011400 2
2 975541011408 2
2 975541011416 2
2 975541011424 2
2 975541011432 2
2 975541011440 2
2 975541011448 2
3 975541010433 2
3 975541010434 2
3 975541010435 16
3 975541010436 4
3 975541010437 2
3 975541010439 8
3 975541010441 2
3 975541010442 2
3 975541010443 20
3 975541010444 4
3 975541010445 2
3 975541010447 8
3 975541010449 2
3 975541010450 2
3 975541010451 12
3 975541010452 4
3 975541010453 2
3 975541010455 8
3 975541010457 2
3 975541010458 2
3 975541010459 12
3 975541010460 4
3 975541010461 2
3 975541010463 8
3 975541010465 2
3 975541010466 2
3 975541010467 12
3 975541010468 4
3 975541010469 2
3 975541010471 8
3 975541010473 2
3 975541010474 2
3 975541010475 12
3 975541010476 4
3 975541010477 2
3 975541010479 8
3 975541010481 2
3 975541010482 2
3 975541010483 12
3 975541010484 4
3 975541010485 2
3 975541010487 8
3 975541010489 2
3 975541010490 2
3 975541010491 12
3 975541010492 4
3 975541010493 2
3 975541010495 8
3 975541010497 2
3 975541010498 2
3 975541010499 13
3 975541010500 4
3 975541010501 2
3 975541010503 8
3 975541010505 2
3 975541010506 2
3 975541010507 142
3 975541010508 4
3 975541010509 2
3 975541010511 8
3 975541010513 2
3 975541010514 2
3 975541010515 12
3 975541010516 4
3 975541010517 2
3 975541010519 8
3 975541010521 2
3 975541010522 2
3 975541010523 12
3 975541010524 4
3 975541010525 2
3 975541010527 8
3 975541010529 2
3 975541010530 2
3 975541010531 12
3 975541010532 4
3 975541010533 2
3 975541010535 8
3 975541010537 2
3 975541010538 2
3 975541010539 21
3 975541010540 4
3 975541010541 2
3 975541010543 8
3 975541010545 2
3 975541010546 2
3 975541010547 12
3 975541010548 4
3 975541010549 2
3 975541010551 8
3 975541010553 2
3 975541010554 2
3 975541010555 12
3 975541010556 4
3 975541010557 2
3 975541010559 8
3 975541010560 337
3 975541010563 2
3 975541010568 28
3 975541010571 2
3 975541010576 2
3 975541010579 2
3 975541010584 2
3 975541010587 2
3 975541010592 2
3 975541010595 2
3 975541010600 2
3 975541010603 2
3 975541010608 2
3 975541010611 2
3 975541010616 2
3 975541010619 2
3 975541010624 2
3 975541010627 2
3 975541010632 2
3 975541010635 2
3 975541010640 2
3 975541010643 2
3 975541010648 2
3 975541010651 2
3 975541010656 2
3 975541010659 2
3 975541010664 2
3 975541010667 2
3 975541010672 2
3 975541010675 2
3 975541010680 2
3 975541010683 2
3 975541010688 2
3 975541010691 2
3 975541010696 2
3 975541010699 2
3 975541010704 2
3 975541010707 2
3 975541010712 2
3 975541010715 2
3 975541010720 2
3 975541010723 2
3 975541010728 2
3 975541010731 2
3 975541010736 2
3 975541010739 2
3 975541010744 2
3 975541010747 2
3 975541010752 2
3 975541010755 2
3 975541010760 2
3 975541010763 2
3 975541010768 2
3 975541010771 2
3 975541010776 2
3 975541010779 2
3 975541010784 2
3 975541010787 2
3 975541010792 2
3 975541010795 2
3 975541010800 2
3 975541010803 2
3 975541010808 2
3 975541010811 2
3 975541010816 2
3 975541010819 2
3 975541010824 2
3 975541010827 2
3 975541010832 2
3 975541010835 2
3 975541010840 2
3 975541010843 2
3 975541010848 2
3 975541010851 2
3 975541010856 2
3 975541010859 2
3 975541010864 2
3 975541010867 2
3 975541010872 2
3 975541010875 2
3 975541010880 2
3 975541010883 2
3 975541010888 2
3 975541010891 2
3 975541010896 2
3 975541010899 2
3 975541010904 2
3 975541010907 2
3 975541010912 2
3 975541010915 2
3 975541010920 2
3 975541010923 2
3 975541010928 2
3 975541010931 2
3 975541010936 2
3 975541010939 2
3 975541010944 18
3 975541010947 2
3 975541010952 5
3 975541010955 2
3 975541010960 2
3 975541010963 2
3 975541010968 2
3 975541010971 2
3 975541010976 2
3 975541010979 2
3 975541010984 2
3 975541010987 2
3 975541010992 2
3 975541010995 2
3 975541011000 2
3 975541011003 2
3 975541011008 2
3 975541011011 2
3 975541011016 2
3 975541011019 2
3 975541011024 2
3 975541011027 2
3 975541011032 2
3 975541011035 2
3 975541011040 2
3 975541011043 2
3 975541011048 2
3 975541011051 2
3 975541011056 2
3 975541011059 2
3 975541011064 2
3 975541011067 2
3 975541011072 2
3 975541011075 2
3 975541011080 2
3 975541011083 2
3 975541011088 2
3 975541011091 2
3 975541011096 2
3 975541011099 2
3 975541011104 2
3 975541011107 2
3 975541011112 2
3 975541011115 2
3 975541011120 2
3 975541011123 2
3 975541011128 2
3 975541011131 2
3 975541011136 2
3 975541011139 2
3 975541011144 2
3 975541011147 2
3 975541011152 2
3 975541011155 2
3 975541011160 2
3 975541011163 2
3 975541011168 2
3 975541011171 2
3 975541011176 2
3 975541011179 2
3 975541011184 2
3 975541011187 2
3 975541011192 2
3 975541011195 2
3 975541011200 2
3 975541011203 2
3 975541011208 2
3 975541011211 2
3 975541011216 2
3 975541011219 2
3 975541011224 2
3 975541011227 2
3 975541011232 2
3 975541011235 2
3 975541011240 2
3 975541011243 2
3 975541011248 2
3 975541011251 2
3 975541011256 2
3 975541011259 2
3 975541011264 7
3 975541011267 2
3 975541011272 2
3 975541011275 2
3 975541011280 2
3 975541011283 2
3 975541011288 93
3 975541011291 2
3 975541011296 2
3 975541011299 2
3 975541011304 2
3 975541011307 2
3 975541011312 2
3 975541011315 2
3 975541011320 2
3 975541011323 2
3 975541011840 6
3 975541011842 2
3 975541011847 4
3 975541011848 6
3 975541011850 2
3 975541011855 4
3 975541011856 6
3 975541011858 2
3 975541011863 4
3 975541011864 6
3 975541011866 2
3 975541011871 4
3 975541011872 6
3 975541011874 2
3 975541011879 4
3 975541011880 6
3 975541011882 2
3 975541011887 4
3 975541011888 6
3 975541011890 2
3 975541011895 4
3 975541011896 6
3 975541011898 2
3 975541011903 4
3 975541011904 6
3 975541011906 2
3 975541011911 4
3 975541011912 6
3 975541011914 2
3 975541011919 4
3 975541011920 6
3 975541011922 2
3 975541011927 4
3 975541011928 6
3 975541011930 2
3 975541011935 4
3 975541011936 6
3 975541011938 2
3 975541011943 4
3 975541011944 6
3 975541011946 2
3 975541011951 4
3 975541011952 6
3 975541011954 2
3 975541011959 4
3 975541011960 6
3 975541011962 2
3 975541011967 4
3 975541011968 6
3 975541011972 2
3 975541011975 4
3 975541011976 6
3 975541011980 2
3 975541011983 4
3 975541011984 6
3 975541011988 2
3 975541011991 4
3 975541011992 6
3 975541011996 2
3 975541011999 4
3 975541012000 6
3 975541012004 2
3 975541012007 4
3 975541012008 6
3 975541012012 2
3 975541012015 4
3 975541012016 6
3 975541012020 2
3 975541012023 4
3 975541012024 6
3 975541012028 2
3 975541012031 4
3 975541012032 6
3 975541012036 2
3 975541012039 4
3 975541012040 6
3 975541012044 2
3 975541012047 4
3 975541012048 6
3 975541012052 2
3 975541012055 4
3 975541012056 6
3 975541012060 2
3 975541012063 4
3 975541012064 6
3 975541012068 2
3 975541012071 4
3 975541012072 6
3 975541012076 2
3 975541012079 4
3 975541012080 6
3 975541012084 2
3 975541012087 4
3 975541012088 6
3 975541012092 2
3 975541012095 4
3 975541012352 6
3 975541012353 2
3 975541012356 2
3 975541012357 2
3 975541012360 6
3 975541012361 2
3 975541012364 2
3 975541012365 2
3 975541012368 6
3 975541012369 2
3 975541012372 2
3 975541012373 2
3 975541012376 6
3 975541012377 2
3 975541012380 2
3 975541012381 2
3 975541012384 6
3 975541012385 2
3 975541012388 2
3 975541012389 2
3 975541012392 6
3 975541012393 2
3 975541012396 2
3 975541012397 2
3 975541012400 6
3 975541012401 2
3 975541012404 2
3 975541012405 2
3 975541012408 6
3 975541012409 2
3 975541012412 2
3 975541012413 2
3 975541012416 6
3 975541012417 2
3 975541012420 2
3 975541012421 2
3 975541012424 6
3 975541012425 2
3 975541012428 2
3 975541012429 2
3 975541012432 6
3 975541012433 2
3 975541012436 2
3 975541012437 2
3 975541012440 6
3 975541012441 2
3 975541012444 2
3 975541012445 2
3 975541012448 6
3 975541012449 2
3 975541012452 2
3 975541012453 2
3 975541012456 6
3 975541012457 2
3 975541012460 2
3 975541012461 2
3 975541012464 6
3 975541012465 2
3 975541012468 2
3 975541012469 2
3 975541012472 6
3 975541012473 2
3 975541012476 2
3 975541012477 2
5 975541010560 2
5 975541010565 2
5 975541010568 2
5 975541010573 2
5 975541010576 2
5 975541010581 2
5 975541010584 2
5 975541010589 2
5 975541010592 2
5 975541010597 2
5 975541010600 2
5 975541010605 2
5 975541010608 2
5 975541010613 2
5 975541010616 2
5 975541010621 2
5 975541010624 2
5 975541010629 2
5 975541010632 2
5 975541010637 2
5 975541010640 2
5 975541010645 2
5 975541010648 2
5 975541010653 2
5 975541010656 2
5 975541010661 2
5 975541010664 2
5 975541010669 2
5 975541010672 2
5 975541010677 2
5 975541010680 2
5 975541010685 2
5 975541011840 2
5 975541011848 2
5 975541011856 2
5 975541011864 2
5 975541011872 2
5 975541011880 2
5 975541011888 2
5 975541011896 2
5 975541011904 2
5 975541011912 2
5 975541011920 2
5 975541011928 2
5 975541011936 2
5 975541011944 2
5 975541011952 2
5 975541011960 2
6 975541010561 10
6 975541010562 2
6 975541010564 4
6 975541010566 6
6 975541010567 83
6 975541010569 10
6 975541010570 2
6 975541010572 4
6 975541010574 6
6 975541010575 6
6 975541010577 10
6 975541010578 2
6 975541010580 4
6 975541010582 6
6 975541010583 6
6 975541010585 10
6 975541010586 2
6 975541010588 4
6 975541010590 6
6 975541010591 6
6 975541010593 10
6 975541010594 2
6 975541010596 4
6 975541010598 6
6 975541010599 6
6 975541010601 10
6 975541010602 2
6 975541010604 4
6 975541010606 6
6 975541010607 6
6 975541010609 10
6 975541010610 2
6 975541010612 4
6 975541010614 6
6 975541010615 6
6 975541010617 10
6 975541010618 2
6 975541010620 4
6 975541010622 6
6 975541010623 80
6 975541010625 10
6 975541010626 2
6 975541010628 4
6 975541010630 6
6 975541010631 6
6 975541010633 10
6 975541010634 2
6 975541010636 4
6 975541010638 6
6 975541010639 6
6 975541010641 10
6 975541010642 2
6 975541010644 4
6 975541010646 6
6 975541010647 6
6 975541010649 10
6 975541010650 2
6 975541010652 4
6 975541010654 6
6 975541010655 6
6 975541010657 11
6 975541010658 2
6 975541010660 4
6 975541010662 6
6 975541010663 6
6 975541010665 12
6 975541010666 2
6 975541010668 4
6 975541010670 6
6 975541010671 8
6 975541010673 10
6 975541010674 2
6 975541010676 4
6 975541010678 6
6 975541010679 6
6 975541010681 10
6 975541010682 2
6 975541010684 4
6 975541010686 6
6 975541010687 6
6 975541010688 2
6 975541010694 2
6 975541010696 2
6 975541010702 2
6 975541010704 2
6 975541010710 2
6 975541010712 2
6 975541010718 2
6 975541010720 2
6 975541010726 2
6 975541010728 2
6 975541010734 2
6 975541010736 2
6 975541010742 2
6 975541010744 2
6 975541010750 2
6 975541010752 2
6 975541010758 2
6 975541010760 2
6 975541010766 2
6 975541010768 2
6 975541010774 2
6 975541010776 2
6 975541010782 2
6 975541010784 2
6 975541010790 2
6 975541010792 2
6 975541010798 2
6 975541010800 2
6 975541010806 2
6 975541010808 2
6 975541010814 2
6 975541010816 2
6 975541010822 23
6 975541010824 2
6 975541010830 3
6 975541010832 2
6 975541010838 4
6 975541010840 2
6 975541010846 3
6 975541010848 2
6 975541010854 16
6 975541010856 2
6 975541010862 4
6 975541010864 2
6 975541010870 2
6 975541010872 2
6 975541010878 8
6 975541010880 2
6 975541010886 6
6 975541010888 2
6 975541010894 2
6 975541010896 2
6 975541010902 2
6 975541010904 2
6 975541010910 2
6 975541010912 2
6 975541010918 2
6 975541010920 2
6 975541010926 2
6 975541010928 2
6 975541010934 2
6 975541010936 2
6 975541010942 15
6 975541010944 2
6 975541010951 2
6 975541010952 2
6 975541010959 2
6 975541010960 2
6 975541010967 2
6 975541010968 2
6 975541010975 2
6 975541010976 2
6 975541010983 2
6 975541010984 2
6 975541010991 2
6 975541010992 2
6 975541010999 2
6 975541011000 2
6 975541011007 2
6 975541011008 2
6 975541011015 2
6 975541011016 2
6 975541011023 2
6 975541011024 2
6 975541011031 2
6 975541011032 2
6 975541011039 2
6 975541011040 2
6 975541011047 2
6 975541011048 2
6 975541011055 2
6 975541011056 2
6 975541011063 2
6 975541011064 2
6 975541011071 2
6 975541011072 2
6 975541011079 2
6 975541011080 2
6 975541011087 2
6 975541011088 2
6 975541011095 2
6 975541011096 2
6 975541011103 2
6 975541011104 2
6 975541011111 2
6 975541011112 2
6 975541011119 2
6 975541011120 2
6 975541011127 2
6 975541011128 2
6 975541011135 2
6 975541011136 2
6 975541011143 2
6 975541011144 2
6 975541011151 2
6 975541011152 2
6 975541011159 2
6 975541011160 2
6 975541011167 2
6 975541011168 2
6 975541011175 2
6 975541011176 2
6 975541011183 2
6 975541011184 2
6 975541011191 2
6 975541011192 2
6 975541011199 2
6 975541011328 2
6 975541011329 2
6 975541011336 2
6 975541011337 2
6 975541011344 2
6 975541011345 2
6 975541011352 2
6 975541011353 2
6 975541011360 2
6 975541011361 2
6 975541011368 2
6 975541011369 2
6 975541011376 2
6 975541011377 2
6 975541011384 2
6 975541011385 2
6 975541011392 2
6 975541011393 2
6 975541011400 2
6 975541011401 2
6 975541011408 2
6 975541011409 2
6 975541011416 2
6 975541011417 2
6 975541011424 4
6 975541011425 2
6 975541011432 8
6 975541011433 2
6 975541011440 2
6 975541011441 2
6 975541011448 2
6 975541011449 2
6 975541011456 4
6 975541011457 2
6 975541011460 2
6 975541011464 4
6 975541011465 2
6 975541011468 2
6 975541011472 4
6 975541011473 2
6 975541011476 2
6 975541011480 4
6 975541011481 2
6 975541011484 2
6 975541011488 4
6 975541011489 2
6 975541011492 2
6 975541011496 4
6 975541011497 2
6 975541011500 2
6 975541011504 4
6 975541011505 2
6 975541011508 2
6 975541011512 4
6 975541011513 2
6 975541011516 2
6 975541011520 4
6 975541011521 2
6 975541011524 2
6 975541011528 4
6 975541011529 2
6 975541011532 2
6 975541011536 4
6 975541011537 2
6 975541011540 2
6 975541011544 4
6 975541011545 2
6 975541011548 2
6 975541011552 4
6 975541011553 2
6 975541011556 2
6 975541011560 4
6 975541011561 2
6 975541011564 2
6 975541011568 4
6 975541011569 2
6 975541011572 2
6 975541011576 4
6 975541011577 2
6 975541011580 2
6 975541011584 6
6 975541011585 2
6 975541011586 2
6 975541011588 2
6 975541011592 6
6 975541011593 2
6 975541011594 2
6 975541011596 2
6 975541011600 6
6 975541011601 2
6 975541011602 2
6 975541011604 2
6 975541011608 6
6 975541011609 2
6 975541011610 2
6 975541011612 2
6 975541011616 6
6 975541011617 2
6 975541011618 2
6 975541011620 2
6 975541011624 6
6 975541011625 2
6 975541011626 2
6 975541011628 2
6 975541011632 6
6 975541011633 2
6 975541011634 2
6 975541011636 2
6 975541011640 6
6 975541011641 2
6 975541011642 2
6 975541011644 2
6 975541011648 6
6 975541011649 2
6 975541011650 2
6 975541011652 2
6 975541011656 6
6 975541011657 2
6 975541011658 2
6 975541011660 2
6 975541011664 6
6 975541011665 2
6 975541011666 2
6 975541011668 2
6 975541011672 6
6 975541011673 2
6 975541011674 2
6 975541011676 2
6 975541011680 6
6 975541011681 2
6 975541011682 2
6 975541011684 2
6 975541011688 6
6 975541011689 2
6 975541011690 2
6 975541011692 2
6 975541011696 6
6 975541011697 2
6 975541011698 2
6 975541011700 2
6 975541011704 6
6 975541011705 2
6 975541011706 2
6 975541011708 2
6 975541011712 2
6 975541011713 2
6 975541011720 2
6 975541011721 2
6 975541011728 2
6 975541011729 2
6 975541011736 2
6 975541011737 2
6 975541011744 2
6 975541011745 2
6 975541011752 2
6 975541011753 2
6 975541011760 2
6 975541011761 2
6 975541011768 2
6 975541011769 2
6 975541011776 2
6 975541011777 2
6 975541011784 2
6 975541011785 2
6 975541011792 2
6 975541011793 2
6 975541011800 2
6 975541011801 2
6 975541011808 2
6 975541011809 2
6 975541011816 2
6 975541011817 2
6 975541011824 2
6 975541011825 2
6 975541011832 2
6 975541011833 2
6 975541011968 2
6 975541011974 2
6 975541011976 2
6 975541011982 2
6 975541011984 2
6 975541011990 2
6 975541011992 2
6 975541011998 2
6 975541012000 2
6 975541012006 2
6 975541012008 2
6 975541012014 2
6 975541012016 2
6 975541012022 2
6 975541012024 2
6 975541012030 2
6 975541012032 2
6 975541012038 2
6 975541012040 118
6 975541012046 2
6 975541012048 2
6 975541012054 2
6 975541012056 2
6 975541012062 2
6 975541012064 2
6 975541012070 2
6 975541012072 2
6 975541012078 2
6 975541012080 2
6 975541012086 2
6 975541012088 2
6 975541012094 2
6 975541012224 2
6 975541012231 2
6 975541012232 2
6 975541012239 2
6 975541012240 2
6 975541012247 2
6 975541012248 2
6 975541012255 2
6 975541012256 2
6 975541012263 2
6 975541012264 2
6 975541012271 2
6 975541012272 2
6 975541012279 2
6 975541012280 2
6 975541012287 2
6 975541012288 2
6 975541012295 2
6 975541012296 2
6 975541012303 2
6 975541012304 2
6 975541012311 2
6 975541012312 2
6 975541012319 2
6 975541012320 2
6 975541012327 2
6 975541012328 2
6 975541012335 2
6 975541012336 2
6 975541012343 2
6 975541012344 2
6 975541012351 2
6 975541012352 2
6 975541012353 2
6 975541012360 2
6 975541012361 2
6 975541012368 2
6 975541012369 2
6 975541012376 2
6 975541012377 2
6 975541012384 2
6 975541012385 2
6 975541012392 2
6 975541012393 2
6 975541012400 2
6 975541012401 2
6 975541012408 2
6 975541012409 2
6 975541012416 2
6 975541012417 2
6 975541012424 2
6 975541012425 2
6 975541012432 2
6 975541012433 2
6 975541012440 2
6 975541012441 2
6 975541012448 2
6 975541012449 2
6 975541012456 2
6 975541012457 2
6 975541012464 2
6 975541012465 2
6 975541012472 2
6 975541012473 2
8 975541010689 2
8 975541010691 2
8 975541010697 2
8 975541010699 2
8 975541010705 2
8 975541010707 2
8 975541010713 2
8 975541010715 2
8 975541010721 2
8 975541010723 2
8 975541010729 2
8 975541010731 2
8 975541010737 2
8 975541010739 2
8 975541010745 2
8 975541010747 2
8 975541010753 2
8 975541010755 2
8 975541010761 2
8 975541010763 2
8 975541010769 2
8 975541010771 2
8 975541010777 2
8 975541010779 2
8 975541010785 2
8 975541010787 2
8 975541010793 2
8 975541010795 2
8 975541010801 2
8 975541010803 2
8 975541010809 2
8 975541010811 2
8 975541011329 2
8 975541011337 2
8 975541011345 2
8 975541011353 2
8 975541011361 2
8 975541011369 2
8 975541011377 2
8 975541011385 2
8 975541011393 2
8 975541011401 2
8 975541011409 2
8 975541011417 2
8 975541011425 2
8 975541011433 2
8 975541011441 2
8 975541011449 2
9 975541010690 2
9 975541010691 6
9 975541010692 4
9 975541010693 4
9 975541010694 4
9 975541010695 4
9 975541010698 2
9 975541010699 6
9 975541010700 4
9 975541010701 4
9 975541010702 114
9 975541010703 4
9 975541010706 2
9 975541010707 6
9 975541010708 4
9 975541010709 4
9 975541010710 4
9 975541010711 4
9 975541010714 2
9 975541010715 6
9 975541010716 4
9 975541010717 4
9 975541010718 4
9 975541010719 4
9 975541010722 2
9 975541010723 6
9 975541010724 4
9 975541010725 4
9 975541010726 4
9 975541010727 4
9 975541010730 2
9 975541010731 6
9 975541010732 4
9 975541010733 4
9 975541010734 4
9 975541010735 4
9 975541010738 2
9 975541010739 104
9 975541010740 4
9 975541010741 4
9 975541010742 4
9 975541010743 4
9 975541010746 2
9 975541010747 6
9 975541010748 4
9 975541010749 4
9 975541010750 4
9 975541010751 4
9 975541010754 2
9 975541010755 6
9 975541010756 4
9 975541010757 4
9 975541010758 4
9 975541010759 4
9 975541010762 2
9 975541010763 6
9 975541010764 4
9 975541010765 4
9 975541010766 4
9 975541010767 4
9 975541010770 2
9 975541010771 6
9 975541010772 4
9 975541010773 47
9 975541010774 4
9 975541010775 4
9 975541010778 2
9 975541010779 6
9 975541010780 4
9 975541010781 4
9 975541010782 4
9 975541010783 4
9 975541010786 2
9 975541010787 6
9 975541010788 4
9 975541010789 4
9 975541010790 4
9 975541010791 183
9 975541010794 2
9 975541010795 6
9 975541010796 4
9 975541010797 4
9 975541010798 4
9 975541010799 4
9 975541010802 2
9 975541010803 6
9 975541010804 4
9 975541010805 4
9 975541010806 4
9 975541010807 4
9 975541010810 2
9 975541010811 6
9 975541010812 4
9 975541010813 4
9 975541010814 4
9 975541010815 330
9 975541010817 2
9 975541010820 2
9 975541010825 2
9 975541010828 2
9 975541010833 2
9 975541010836 2
9 975541010841 2
9 975541010844 2
9 975541010849 2
9 975541010852 2
9 975541010857 2
9 975541010860 2
9 975541010865 2
9 975541010868 2
9 975541010873 2
9 975541010876 2
9 975541010881 2
9 975541010884 2
9 975541010889 2
9 975541010892 2
9 975541010897 2
9 975541010900 2
9 975541010905 2
9 975541010908 2
9 975541010913 2
9 975541010916 2
9 975541010921 2
9 975541010924 2
9 975541010929 2
9 975541010932 2
9 975541010937 2
9 975541010940 2
9 975541010945 2
9 975541010949 169
9 975541010953 2
9 975541010957 2
9 975541010961 2
9 975541010965 2
9 975541010969 2
9 975541010973 2
9 975541010977 2
9 975541010981 2
9 975541010985 2
9 975541010989 2
9 975541010993 2
9 975541010997 2
9 975541011001 2
9 975541011005 2
9 975541011009 2
9 975541011013 2
9 975541011017 3
9 975541011021 2
9 975541011025 25
9 975541011029 2
9 975541011033 2
9 975541011037 2
9 975541011041 59
9 975541011045 2
9 975541011049 5
9 975541011053 2
9 975541011057 2
9 975541011061 2
9 975541011065 2
9 975541011069 2
9 975541011073 2
9 975541011078 2
9 975541011081 2
9 975541011086 2
9 975541011089 2
9 975541011094 2
9 975541011097 2
9 975541011102 2
9 975541011105 2
9 975541011110 2
9 975541011113 2
9 975541011118 2
9 975541011121 2
9 975541011126 2
9 975541011129 2
9 975541011134 2
9 975541011137 2
9 975541011142 2
9 975541011145 2
9 975541011150 2
9 975541011153 2
9 975541011158 2
9 975541011161 2
9 975541011166 2
9 975541011169 2
9 975541011174 2
9 975541011177 2
9 975541011182 2
9 975541011185 2
9 975541011190 2
9 975541011193 2
9 975541011198 2
9 975541011201 2
9 975541011207 2
9 975541011209 2
9 975541011215 2
9 975541011217 2
9 975541011223 2
9 975541011225 2
9 975541011231 2
9 975541011233 2
9 975541011239 2
9 975541011241 2
9 975541011247 2
9 975541011249 2
9 975541011255 2
9 975541011257 2
9 975541011263 2
9 975541011265 2
9 975541011271 2
9 975541011273 2
9 975541011279 2
9 975541011281 2
9 975541011287 2
9 975541011289 2
9 975541011295 2
9 975541011297 2
9 975541011303 2
9 975541011305 2
9 975541011311 2
9 975541011313 2
9 975541011319 2
9 975541011321 2
9 975541011327 2
9 975541011457 2
9 975541011458 2
9 975541011465 2
9 975541011466 2
9 975541011473 2
9 975541011474 2
9 975541011481 2
9 975541011482 2
9 975541011489 2
9 975541011490 2
9 975541011497 2
9 975541011498 2
9 975541011505 2
9 975541011506 2
9 975541011513 2
9 975541011514 2
9 975541011521 2
9 975541011522 2
9 975541011529 2
9 975541011530 2
9 975541011537 2
9 975541011538 2
9 975541011545 2
9 975541011546 2
9 975541011553 2
9 975541011554 2
9 975541011561 2
9 975541011562 2
9 975541011569 2
9 975541011570 2
9 975541011577 2
9 975541011578 2
9 975541011585 2
9 975541011587 2
9 975541011593 127
9 975541011595 2
9 975541011601 2
9 975541011603 2
9 975541011609 2
9 975541011611 2
9 975541011617 2
9 975541011619 2
9 975541011625 2
9 975541011627 2
9 975541011633 2
9 975541011635 2
9 975541011641 2
9 975541011643 2
9 975541011649 2
9 975541011651 2
9 975541011657 2
9 975541011659 2
9 975541011665 2
9 975541011667 2
9 975541011673 2
9 975541011675 2
9 975541011681 2
9 975541011683 2
9 975541011689 2
9 975541011691 2
9 975541011697 2
9 975541011699 2
9 975541011705 2
9 975541011707 2
9 975541011713 2
9 975541011716 2
9 975541011721 2
9 975541011724 2
9 975541011729 2
9 975541011732 2
9 975541011737 2
9 975541011740 2
9 975541011745 2
9 975541011748 2
9 975541011753 2
9 975541011756 2
9 975541011761 2
9 975541011764 2
9 975541011769 2
9 975541011772 2
9 975541011777 2
9 975541011780 2
9 975541011785 2
9 975541011788 2
9 975541011793 2
9 975541011796 2
9 975541011801 2
9 975541011804 2
9 975541011809 2
9 975541011812 2
9 975541011817 2
9 975541011820 2
9 975541011825 2
9 975541011828 2
9 975541011833 2
9 975541011836 2
9 975541011841 2
9 975541011847 2
9 975541011849 2
9 975541011855 2
9 975541011857 2
9 975541011863 2
9 975541011865 2
9 975541011871 2
9 975541011873 2
9 975541011879 2
9 975541011881 2
9 975541011887 2
9 975541011889 2
9 975541011895 2
9 975541011897 2
9 975541011903 2
9 975541011905 2
9 975541011911 2
9 975541011913 2
9 975541011919 2
9 975541011921 2
9 975541011927 2
9 975541011929 2
9 975541011935 2
9 975541011937 2
9 975541011943 2
9 975541011945 2
9 975541011951 2
9 975541011953 2
9 975541011959 2
9 975541011961 2
9 975541011967 2
9 975541011969 2
9 975541011971 2
9 975541011977 2
9 975541011979 2
9 975541011985 2
9 975541011987 2
9 975541011993 2
9 975541011995 2
9 975541012001 2
9 975541012003 2
9 975541012009 2
9 975541012011 2
9 975541012017 2
9 975541012019 2
9 975541012025 2
9 975541012027 2
9 975541012033 2
9 975541012035 2
9 975541012041 2
9 975541012043 2
9 975541012049 2
9 975541012051 2
9 975541012057 2
9 975541012059 2
9 975541012065 2
9 975541012067 2
9 975541012073 2
9 975541012075 2
9 975541012081 2
9 975541012083 2
9 975541012089 2
9 975541012091 2
9 975541012225 2
9 975541012229 2
9 975541012233 2
9 975541012237 2
9 975541012241 2
9 975541012245 2
9 975541012249 2
9 975541012253 2
9 975541012257 2
9 975541012261 2
9 975541012265 2
9 975541012269 2
9 975541012273 2
9 975541012277 2
9 975541012281 2
9 975541012285 2
9 975541012289 2
9 975541012293 2
9 975541012297 2
9 975541012301 2
9 975541012305 2
9 975541012309 2
9 975541012313 2
9 975541012317 2
9 975541012321 2
9 975541012325 2
9 975541012329 2
9 975541012333 2
9 975541012337 2
9 975541012341 2
9 975541012345 2
9 975541012349 2
9 975541012353 4
9 975541012355 2
9 975541012358 2
9 975541012361 4
9 975541012363 2
9 975541012366 2
9 975541012369 4
9 975541012371 2
9 975541012374 2
9 975541012377 4
9 975541012379 2
9 975541012382 2
9 975541012385 4
9 975541012387 2
9 975541012390 2
9 975541012393 4
9 975541012395 2
9 975541012398 2
9 975541012401 4
9 975541012403 2
9 975541012406 2
9 975541012409 4
9 975541012411 2
9 975541012414 2
9 975541012417 4
9 975541012419 2
9 975541012422 2
9 975541012425 4
9 975541012427 2
9 975541012430 2
9 975541012433 4
9 975541012435 2
9 975541012438 2
9 975541012441 4
9 975541012443 2
9 975541012446 2
9 975541012449 4
9 975541012451 2
9 975541012454 2
9 975541012457 4
9 975541012459 2
9 975541012462 2
9 975541012465 4
9 975541012467 2
9 975541012470 2
9 975541012473 4
9 975541012475 2
9 975541012478 2
11 975541010817 2
11 975541010823 2
11 975541010825 2
11 975541010831 2
11 975541010833 2
11 975541010839 2
11 975541010841 2
11 975541010847 2
11 975541010849 2
11 975541010855 2
11 975541010857 2
11 975541010863 2
11 975541010865 2
11 975541010871 2
11 975541010873 2
11 975541010879 2
11 975541010881 2
11 975541010887 2
11 975541010889 2
11 975541010895 2
11 975541010897 2
11 975541010903 2
11 975541010905 2
11 975541010911 2
11 975541010913 2
11 975541010919 2
11 975541010921 2
11 975541010927 2
11 975541010929 2
11 975541010935 2
11 975541010937 2
11 975541010943 2
11 975541012225 2
11 975541012233 2
11 975541012241 2
11 975541012249 2
11 975541012257 2
11 975541012265 2
11 975541012273 2
11 975541012281 2
11 975541012289 2
11 975541012297 2
11 975541012305 2
11 975541012313 2
11 975541012321 2
11 975541012329 2
11 975541012337 2
11 975541012345 2
12 975541010818 6
12 975541010820 8
12 975541010821 6
12 975541010822 2
12 975541010823 2
12 975541010826 135
12 975541010828 8
12 975541010829 6
12 975541010830 2
12 975541010831 2
12 975541010834 24
12 975541010836 18
12 975541010837 6
12 975541010838 2
12 975541010839 2
12 975541010842 22
12 975541010844 10
12 975541010845 6
12 975541010846 2
12 975541010847 2
12 975541010850 6
12 975541010852 8
12 975541010853 6
12 975541010854 2
12 975541010855 2
12 975541010858 17
12 975541010860 8
12 975541010861 6
12 975541010862 2
12 975541010863 2
12 975541010866 6
12 975541010868 8
12 975541010869 6
12 975541010870 2
12 975541010871 2
12 975541010874 6
12 975541010876 13
12 975541010877 6
12 975541010878 2
12 975541010879 30
12 975541010882 6
12 975541010884 8
12 975541010885 6
12 975541010886 2
12 975541010887 28
12 975541010890 6
12 975541010892 41
12 975541010893 6
12 975541010894 2
12 975541010895 2
12 975541010898 10
12 975541010900 8
12 975541010901 32
12 975541010902 2
12 975541010903 2
12 975541010906 6
12 975541010908 9
12 975541010909 10
12 975541010910 2
12 975541010911 2
12 975541010914 6
12 975541010916 8
12 975541010917 6
12 975541010918 2
12 975541010919 2
12 975541010922 9
12 975541010924 8
12 975541010925 6
12 975541010926 2
12 975541010927 2
12 975541010930 10
12 975541010932 8
12 975541010933 6
12 975541010934 2
12 975541010935 2
12 975541010938 7
12 975541010940 8
12 975541010941 6
12 975541010942 2
12 975541010943 2
12 975541011073 2
12 975541011074 2
12 975541011081 2
12 975541011082 2
12 975541011089 2
12 975541011090 2
12 975541011097 2
12 975541011098 2
12 975541011105 2
12 975541011106 2
12 975541011113 2
12 975541011114 2
12 975541011121 2
12 975541011122 2
12 975541011129 2
12 975541011130 2
12 975541011137 2
12 975541011138 2
12 975541011145 2
12 975541011146 2
12 975541011153 2
12 975541011154 2
12 975541011161 2
12 975541011162 2
12 975541011169 2
12 975541011170 2
12 975541011177 2
12 975541011178 2
12 975541011185 2
12 975541011186 2
12 975541011193 2
12 975541011194 2
12 975541011201 2
12 975541011204 2
12 975541011209 2
12 975541011212 2
12 975541011217 2
12 975541011220 2
12 975541011225 2
12 975541011228 2
12 975541011233 2
12 975541011236 9
12 975541011241 2
12 975541011244 2
12 975541011249 2
12 975541011252 2
12 975541011257 2
12 975541011260 2
12 975541011265 2
12 975541011268 2
12 975541011273 2
12 975541011276 2
12 975541011281 2
12 975541011284 9
12 975541011289 2
12 975541011292 2
12 975541011297 2
12 975541011300 3
12 975541011305 2
12 975541011308 2
12 975541011313 2
12 975541011316 2
12 975541011321 2
12 975541011324 2
12 975541011329 2
12 975541011333 2
12 975541011337 2
12 975541011341 2
12 975541011345 2
12 975541011349 2
12 975541011353 2
12 975541011357 2
12 975541011361 2
12 975541011365 2
12 975541011369 2
12 975541011373 2
12 975541011377 2
12 975541011381 2
12 975541011385 2
12 975541011389 2
12 975541011393 2
12 975541011397 2
12 975541011401 2
12 975541011405 2
12 975541011409 2
12 975541011413 2
12 975541011417 7
12 975541011421 2
12 975541011425 2
12 975541011429 2
12 975541011433 2
12 975541011437 2
12 975541011441 2
12 975541011445 2
12 975541011449 2
12 975541011453 2
12 975541011457 4
12 975541011463 2
12 975541011465 28
12 975541011471 2
12 975541011473 2
12 975541011479 2
12 975541011481 2
12 975541011487 2
12 975541011489 2
12 975541011495 2
12 975541011497 2
12 975541011503 2
12 975541011505 2
12 975541011511 2
12 975541011513 2
12 975541011519 2
12 975541011521 2
12 975541011527 2
12 975541011529 2
12 975541011535 2
12 975541011537 8
12 975541011543 2
12 975541011545 2
12 975541011551 2
12 975541011553 2
12 975541011559 2
12 975541011561 2
12 975541011567 2
12 975541011569 2
12 975541011575 2
12 975541011577 6
12 975541011583 2
12 975541011713 2
12 975541011714 2
12 975541011721 2
12 975541011722 2
12 975541011729 2
12 975541011730 2
12 975541011737 2
12 975541011738 2
12 975541011745 2
12 975541011746 2
12 975541011753 2
12 975541011754 2
12 975541011761 2
12 975541011762 2
12 975541011769 3
12 975541011770 2
12 975541011777 2
12 975541011778 2
12 975541011785 2
12 975541011786 2
12 975541011793 3
12 975541011794 2
12 975541011801 2
12 975541011802 2
12 975541011809 8
12 975541011810 2
12 975541011817 13
12 975541011818 2
12 975541011825 2
12 975541011826 2
12 975541011833 4
12 975541011834 2
12 975541011841 9
12 975541011844 2
12 975541011845 2
12 975541011846 2
12 975541011849 6
12 975541011852 2
12 975541011853 2
12 975541011854 2
12 975541011857 9
12 975541011860 2
12 975541011861 2
12 975541011862 2
12 975541011865 11
12 975541011868 2
12 975541011869 2
12 975541011870 2
12 975541011873 11
12 975541011876 2
12 975541011877 2
12 975541011878 2
12 975541011881 6
12 975541011884 2
12 975541011885 2
12 975541011886 2
12 975541011889 6
12 975541011892 2
12 975541011893 2
12 975541011894 2
12 975541011897 6
12 975541011900 2
12 975541011901 2
12 975541011902 2
12 975541011905 8
12 975541011908 2
12 975541011909 2
12 975541011910 2
12 975541011913 25
12 975541011916 2
12 975541011917 2
12 975541011918 2
12 975541011921 6
12 975541011924 2
12 975541011925 2
12 975541011926 2
12 975541011929 6
12 975541011932 2
12 975541011933 2
12 975541011934 2
12 975541011937 6
12 975541011940 2
12 975541011941 2
12 975541011942 2
12 975541011945 6
12 975541011948 2
12 975541011949 2
12 975541011950 2
12 975541011953 147
12 975541011956 2
12 975541011957 2
12 975541011958 2
12 975541011961 6
12 975541011964 2
12 975541011965 2
12 975541011966 2
12 975541011969 4
12 975541011972 2
12 975541011973 2
12 975541011977 4
12 975541011980 2
12 975541011981 2
12 975541011985 4
12 975541011988 2
12 975541011989 2
12 975541011993 4
12 975541011996 2
12 975541011997 2
12 975541012001 4
12 975541012004 2
12 975541012005 2
12 975541012009 4
12 975541012012 2
12 975541012013 2
12 975541012017 4
12 975541012020 2
12 975541012021 2
12 975541012025 4
12 975541012028 2
12 975541012029 2
12 975541012033 4
12 975541012036 2
12 975541012037 2
12 975541012041 4
12 975541012044 2
12 975541012045 2
12 975541012049 4
12 975541012052 2
12 975541012053 2
12 975541012057 4
12 975541012060 2
12 975541012061 2
12 975541012065 4
12 975541012068 2
12 975541012069 2
12 975541012073 4
12 975541012076 2
12 975541012077 2
12 975541012081 4
12 975541012084 2
12 975541012085 2
12 975541012089 4
12 975541012092 2
12 975541012093 2
12 975541012097 2
12 975541012100 2
12 975541012105 2
12 975541012108 2
12 975541012113 2
12 975541012116 2
12 975541012121 2
12 975541012124 2
12 975541012129 2
12 975541012132 2
12 975541012137 2
12 975541012140 2
12 975541012145 2
12 975541012148 2
12 975541012153 2
12 975541012156 2
12 975541012161 2
12 975541012164 2
12 975541012169 2
12 975541012172 2
12 975541012177 2
12 975541012180 2
12 975541012185 2
12 975541012188 2
12 975541012193 2
12 975541012196 2
12 975541012201 2
12 975541012204 2
12 975541012209 2
12 975541012212 2
12 975541012217 2
12 975541012220 2
12 975541012225 2
12 975541012226 2
12 975541012233 2
12 975541012234 2
12 975541012241 2
12 975541012242 2
12 975541012249 2
12 975541012250 2
12 975541012257 2
12 975541012258 2
12 975541012265 2
12 975541012266 2
12 975541012273 2
12 975541012274 2
12 975541012281 2
12 975541012282 2
12 975541012289 2
12 975541012290 2
12 975541012297 2
12 975541012298 2
12 975541012305 2
12 975541012306 2
12 975541012313 2
12 975541012314 2
12 975541012321 2
12 975541012322 2
12 975541012329 2
12 975541012330 2
12 975541012337 2
12 975541012338 2
12 975541012345 2
12 975541012346 2
14 975541010946 2
14 975541010948 2
14 975541010954 2
14 975541010956 2
14 975541010962 2
14 975541010964 2
14 975541010970 2
14 975541010972 2
14 975541010978 2
14 975541010980 2
14 975541010986 2
14 975541010988 2
14 975541010994 2
14 975541010996 2
14 975541011002 2
14 975541011004 2
14 975541011010 2
14 975541011012 2
14 975541011018 2
14 975541011020 2
14 975541011026 2
14 975541011028 2
14 975541011034 2
14 975541011036 2
14 975541011042 2
14 975541011044 2
14 975541011050 2
14 975541011052 2
14 975541011058 2
14 975541011060 2
14 975541011066 2
14 975541011068 2
14 975541011586 2
14 975541011594 2
14 975541011602 2
14 975541011610 2
14 975541011618 2
14 975541011626 2
14 975541011634 2
14 975541011642 2
14 975541011650 2
14 975541011658 2
14 975541011666 2
14 975541011674 2
14 975541011682 2
14 975541011690 2
14 975541011698 2
14 975541011706 2
15 975541010947 21
15 975541010949 6
15 975541010950 4
15 975541010951 2
15 975541010955 4
15 975541010957 9
15 975541010958 13
15 975541010959 2
15 975541010963 7
15 975541010965 6
15 975541010966 4
15 975541010967 2
15 975541010971 4
15 975541010973 14
15 975541010974 4
15 975541010975 2
15 975541010979 9
15 975541010981 6
15 975541010982 4
15 975541010983 13
15 975541010987 13
15 975541010989 6
15 975541010990 4
15 975541010991 2
15 975541010995 4
15 975541010997 6
15 975541010998 4
15 975541010999 2
15 975541011003 4
15 975541011005 12
15 975541011006 4
15 975541011007 2
15 975541011011 15
15 975541011013 14
15 975541011014 4
15 975541011015 2
15 975541011019 8
15 975541011021 6
15 975541011022 4
15 975541011023 9
15 975541011027 4
15 975541011029 6
15 975541011030 4
15 975541011031 4
15 975541011035 4
15 975541011037 6
15 975541011038 4
15 975541011039 2
15 975541011043 4
15 975541011045 12
15 975541011046 4
15 975541011047 12
15 975541011051 4
15 975541011053 12
15 975541011054 4
15 975541011055 2
15 975541011059 4
15 975541011061 6
15 975541011062 4
15 975541011063 9
15 975541011067 4
15 975541011069 15
15 975541011070 4
15 975541011071 5
15 975541011074 2
15 975541011078 2
15 975541011082 3
15 975541011086 2
15 975541011090 2
15 975541011094 2
15 975541011098 2
15 975541011102 2
15 975541011106 2
15 975541011110 2
15 975541011114 2
15 975541011118 2
15 975541011122 2
15 975541011126 2
15 975541011130 2
15 975541011134 2
15 975541011138 2
15 975541011142 2
15 975541011146 2
15 975541011150 2
15 975541011154 2
15 975541011158 71
15 975541011162 2
15 975541011166 2
15 975541011170 2
15 975541011174 2
15 975541011178 2
15 975541011182 65
15 975541011186 2
15 975541011190 2
15 975541011194 2
15 975541011198 2
15 975541011330 2
15 975541011331 2
15 975541011338 2
15 975541011339 2
15 975541011346 2
15 975541011347 2
15 975541011354 2
15 975541011355 2
15 975541011362 2
15 975541011363 2
15 975541011370 2
15 975541011371 2
15 975541011378 2
15 975541011379 29
15 975541011386 2
15 975541011387 2
15 975541011394 2
15 975541011395 16
15 975541011402 2
15 975541011403 17
15 975541011410 2
15 975541011411 2
15 975541011418 2
15 975541011419 10
15 975541011426 2
15 975541011427 2
15 975541011434 2
15 975541011435 2
15 975541011442 2
15 975541011443 2
15 975541011450 2
15 975541011451 2
15 975541011458 2
15 975541011461 298
15 975541011466 2
15 975541011469 2
15 975541011474 2
15 975541011477 2
15 975541011482 2
15 975541011485 2
15 975541011490 2
15 975541011493 2
15 975541011498 2
15 975541011501 2
15 975541011506 2
15 975541011509 2
15 975541011514 2
15 975541011517 2
15 975541011522 2
15 975541011525 2
15 975541011530 4
15 975541011533 2
15 975541011538 2
15 975541011541 2
15 975541011546 2
15 975541011549 2
15 975541011554 2
15 975541011557 20
15 975541011562 2
15 975541011565 2
15 975541011570 2
15 975541011573 2
15 975541011578 2
15 975541011581 2
15 975541011586 2
15 975541011591 29
15 975541011594 2
15 975541011599 2
15 975541011602 15
15 975541011607 2
15 975541011610 2
15 975541011615 2
15 975541011618 2
15 975541011623 2
15 975541011626 2
15 975541011631 2
15 975541011634 2
15 975541011639 2
15 975541011642 2
15 975541011647 2
15 975541011650 7
15 975541011655 2
15 975541011658 10
15 975541011663 2
15 975541011666 2
15 975541011671 2
15 975541011674 8
15 975541011679 2
15 975541011682 2
15 975541011687 2
15 975541011690 2
15 975541011695 2
15 975541011698 23
15 975541011703 2
15 975541011706 11
15 975541011711 2
15 975541011842 4
15 975541011843 2
15 975541011850 5
15 975541011851 2
15 975541011858 2
15 975541011859 2
15 975541011866 15
15 975541011867 2
15 975541011874 2
15 975541011875 42
15 975541011882 2
15 975541011883 2
15 975541011890 2
15 975541011891 41
15 975541011898 2
15 975541011899 2
15 975541011906 2
15 975541011907 2
15 975541011914 2
15 975541011915 2
15 975541011922 33
15 975541011923 2
15 975541011930 2
15 975541011931 2
15 975541011938 2
15 975541011939 2
15 975541011946 17
15 975541011947 2
15 975541011954 2
15 975541011955 2
15 975541011962 2
15 975541011963 2
15 975541011970 2
15 975541011973 2
15 975541011978 2
15 975541011981 2
15 975541011986 4
15 975541011989 2
15 975541011994 6
15 975541011997 2
15 975541012002 2
15 975541012005 2
15 975541012010 2
15 975541012013 2
15 975541012018 4
15 975541012021 2
15 975541012026 2
15 975541012029 2
15 975541012034 4
15 975541012037 2
15 975541012042 28
15 975541012045 2
15 975541012050 6
15 975541012053 2
15 975541012058 2
15 975541012061 2
15 975541012066 2
15 975541012069 2
15 975541012074 2
15 975541012077 2
15 975541012082 11
15 975541012085 2
15 975541012090 12
15 975541012093 2
15 975541012354 4
15 975541012357 2
15 975541012358 2
15 975541012362 4
15 975541012365 2
15 975541012366 2
15 975541012370 4
15 975541012373 2
15 975541012374 2
15 975541012378 4
15 975541012381 2
15 975541012382 2
15 975541012386 4
15 975541012389 2
15 975541012390 2
15 975541012394 4
15 975541012397 2
15 975541012398 2
15 975541012402 4
15 975541012405 2
15 975541012406 2
15 975541012410 4
15 975541012413 2
15 975541012414 2
15 975541012418 4
15 975541012421 2
15 975541012422 2
15 975541012426 4
15 975541012429 2
15 975541012430 2
15 975541012434 4
15 975541012437 2
15 975541012438 2
15 975541012442 4
15 975541012445 2
15 975541012446 2
15 975541012450 4
15 975541012453 2
15 975541012454 2
15 975541012458 4
15 975541012461 2
15 975541012462 2
15 975541012466 4
15 975541012469 2
15 975541012470 2
15 975541012474 4
15 975541012477 2
15 975541012478 2
17 975541011074 2
17 975541011075 2
17 975541011082 2
17 975541011083 2
17 975541011090 2
17 975541011091 2
17 975541011098 2
17 975541011099 2
17 975541011106 2
17 975541011107 2
17 975541011114 2
17 975541011115 2
17 975541011122 2
17 975541011123 2
17 975541011130 2
17 975541011131 2
17 975541011138 2
17 975541011139 2
17 975541011146 2
17 975541011147 2
17 975541011154 2
17 975541011155 2
17 975541011162 2
17 975541011163 2
17 975541011170 2
17 975541011171 2
17 975541011178 2
17 975541011179 2
17 975541011186 2
17 975541011187 2
17 975541011194 2
17 975541011195 2
17 975541011202 2
17 975541011210 2
17 975541011218 2
17 975541011226 2
17 975541011234 2
17 975541011242 2
17 975541011250 2
17 975541011258 2
17 975541011266 2
17 975541011274 2
17 975541011282 2
17 975541011290 2
17 975541011298 2
17 975541011306 2
17 975541011314 2
17 975541011322 2
18 975541011075 6
18 975541011077 6
18 975541011083 6
18 975541011085 6
18 975541011091 6
18 975541011093 6
18 975541011099 6
18 975541011101 6
18 975541011107 6
18 975541011109 6
18 975541011115 6
18 975541011117 6
18 975541011123 6
18 975541011125 15
18 975541011131 15
18 975541011133 7
18 975541011139 9
18 975541011141 10
18 975541011147 12
18 975541011149 7
18 975541011155 6
18 975541011157 6
18 975541011163 11
18 975541011165 6
18 975541011171 6
18 975541011173 6
18 975541011179 6
18 975541011181 6
18 975541011187 6
18 975541011189 10
18 975541011195 6
18 975541011197 9
18 975541011202 2
18 975541011205 2
18 975541011210 2
18 975541011213 2
18 975541011218 2
18 975541011221 2
18 975541011226 2
18 975541011229 2
18 975541011234 2
18 975541011237 2
18 975541011242 2
18 975541011245 2
18 975541011250 2
18 975541011253 2
18 975541011258 2
18 975541011261 2
18 975541011266 2
18 975541011269 2
18 975541011274 2
18 975541011277 2
18 975541011282 2
18 975541011285 2
18 975541011290 2
18 975541011293 2
18 975541011298 2
18 975541011301 2
18 975541011306 2
18 975541011309 2
18 975541011314 2
18 975541011317 2
18 975541011322 2
18 975541011325 2
18 975541011458 2
18 975541011459 2
18 975541011466 2
18 975541011467 2
18 975541011474 2
18 975541011475 2
18 975541011482 2
18 975541011483 2
18 975541011490 2
18 975541011491 2
18 975541011498 2
18 975541011499 2
18 975541011506 2
18 975541011507 2
18 975541011514 2
18 975541011515 2
18 975541011522 2
18 975541011523 2
18 975541011530 2
18 975541011531 2
18 975541011538 2
18 975541011539 2
18 975541011546 2
18 975541011547 2
18 975541011554 2
18 975541011555 2
18 975541011562 2
18 975541011563 2
18 975541011570 2
18 975541011571 2
18 975541011578 2
18 975541011579 2
18 975541011586 26
18 975541011589 2
18 975541011594 25
18 975541011597 2
18 975541011602 2
18 975541011605 2
18 975541011610 2
18 975541011613 2
18 975541011618 2
18 975541011621 2
18 975541011626 2
18 975541011629 2
18 975541011634 2
18 975541011637 2
18 975541011642 2
18 975541011645 2
18 975541011650 2
18 975541011653 2
18 975541011658 2
18 975541011661 2
18 975541011666 2
18 975541011669 2
18 975541011674 2
18 975541011677 2
18 975541011682 2
18 975541011685 2
18 975541011690 2
18 975541011693 2
18 975541011698 2
18 975541011701 2
18 975541011706 2
18 975541011709 2
18 975541011842 6
18 975541011843 2
18 975541011850 3
18 975541011851 2
18 975541011858 16
18 975541011859 2
18 975541011866 22
18 975541011867 2
18 975541011874 2
18 975541011875 2
18 975541011882 2
18 975541011883 2
18 975541011890 2
18 975541011891 2
18 975541011898 2
18 975541011899 2
18 975541011906 2
18 975541011907 2
18 975541011914 24
18 975541011915 2
18 975541011922 4
18 975541011923 2
18 975541011930 22
18 975541011931 2
18 975541011938 2
18 975541011939 2
18 975541011946 2
18 975541011947 2
18 975541011954 2
18 975541011955 2
18 975541011962 2
18 975541011963 2
18 975541011970 2
18 975541011973 2
18 975541011978 2
18 975541011981 2
18 975541011986 2
18 975541011989 2
18 975541011994 7
18 975541011997 2
18 975541012002 20
18 975541012005 2
18 975541012010 5
18 975541012013 2
18 975541012018 2
18 975541012021 2
18 975541012026 7
18 975541012029 2
18 975541012034 2
18 975541012037 2
18 975541012042 2
18 975541012045 2
18 975541012050 2
18 975541012053 2
18 975541012058 2
18 975541012061 2
18 975541012066 9
18 975541012069 2
18 975541012074 4
18 975541012077 2
18 975541012082 16
18 975541012085 2
18 975541012090 2
18 975541012093 2
18 975541012226 2
18 975541012227 2
18 975541012234 2
18 975541012235 2
18 975541012242 2
18 975541012243 2
18 975541012250 2
18 975541012251 2
18 975541012258 2
18 975541012259 2
18 975541012266 2
18 975541012267 2
18 975541012274 2
18 975541012275 2
18 975541012282 2
18 975541012283 2
18 975541012290 2
18 975541012291 2
18 975541012298 2
18 975541012299 2
18 975541012306 2
18 975541012307 2
18 975541012314 3
18 975541012315 2
18 975541012322 6
18 975541012323 2
18 975541012330 3
18 975541012331 2
18 975541012338 40
18 975541012339 2
18 975541012346 9
18 975541012347 2
21 975541011204 4
21 975541011206 4
21 975541011207 4
21 975541011212 4
21 975541011214 4
21 975541011215 4
21 975541011220 4
21 975541011222 4
21 975541011223 782
21 975541011228 4
21 975541011230 4
21 975541011231 4
21 975541011236 4
21 975541011238 4
21 975541011239 4
21 975541011244 4
21 975541011246 4
21 975541011247 4
21 975541011252 4
21 975541011254 4
21 975541011255 4
21 975541011260 4
21 975541011262 4
21 975541011263 4
21 975541011268 4
21 975541011270 4
21 975541011271 4
21 975541011276 4
21 975541011278 4
21 975541011279 4
21 975541011284 4
21 975541011286 4
21 975541011287 4
21 975541011292 11
21 975541011294 4
21 975541011295 4
21 975541011300 4
21 975541011302 4
21 975541011303 4
21 975541011308 4
21 975541011310 4
21 975541011311 4
21 975541011316 4
21 975541011318 4
21 975541011319 4
21 975541011324 4
21 975541011326 4
21 975541011327 4
21 975541011331 2
21 975541011332 2
21 975541011339 2
21 975541011340 2
21 975541011347 2
21 975541011348 2
21 975541011355 2
21 975541011356 2
21 975541011363 2
21 975541011364 2
21 975541011371 2
21 975541011372 2
21 975541011379 2
21 975541011380 2
21 975541011387 2
21 975541011388 2
21 975541011395 2
21 975541011396 2
21 975541011403 2
21 975541011404 2
21 975541011411 2
21 975541011412 2
21 975541011419 2
21 975541011420 2
21 975541011427 2
21 975541011428 2
21 975541011435 2
21 975541011436 2
21 975541011443 2
21 975541011444 2
21 975541011451 2
21 975541011452 2
21 975541011459 2
21 975541011463 2
21 975541011467 2
21 975541011471 2
21 975541011475 2
21 975541011479 2
21 975541011483 2
21 975541011487 2
21 975541011491 2
21 975541011495 2
21 975541011499 2
21 975541011503 2
21 975541011507 2
21 975541011511 2
21 975541011515 2
21 975541011519 2
21 975541011523 2
21 975541011527 2
21 975541011531 2
21 975541011535 2
21 975541011539 2
21 975541011543 2
21 975541011547 2
21 975541011551 2
21 975541011555 2
21 975541011559 2
21 975541011563 2
21 975541011567 2
21 975541011571 2
21 975541011575 2
21 975541011579 2
21 975541011583 2
21 975541011715 2
21 975541011718 2
21 975541011723 2
21 975541011726 2
21 975541011731 2
21 975541011734 2
21 975541011739 2
21 975541011742 2
21 975541011747 2
21 975541011750 2
21 975541011755 2
21 975541011758 2
21 975541011763 2
21 975541011766 2
21 975541011771 2
21 975541011774 2
21 975541011779 2
21 975541011782 2
21 975541011787 2
21 975541011790 2
21 975541011795 2
21 975541011798 2
21 975541011803 2
21 975541011806 2
21 975541011811 48
21 975541011814 2
21 975541011819 2
21 975541011822 2
21 975541011827 152
21 975541011830 2
21 975541011835 2
21 975541011838 2
21 975541011971 2
21 975541011972 2
21 975541011979 2
21 975541011980 2
21 975541011987 2
21 975541011988 2
21 975541011995 2
21 975541011996 2
21 975541012003 2
21 975541012004 2
21 975541012011 2
21 975541012012 2
21 975541012019 2
21 975541012020 2
21 975541012027 348
21 975541012028 2
21 975541012035 2
21 975541012036 2
21 975541012043 2
21 975541012044 2
21 975541012051 2
21 975541012052 2
21 975541012059 2
21 975541012060 2
21 975541012067 2
21 975541012068 2
21 975541012075 2
21 975541012076 2
21 975541012083 2
21 975541012084 2
21 975541012091 2
21 975541012092 2
21 975541012099 2
21 975541012103 2
21 975541012107 2
21 975541012111 2
21 975541012115 2
21 975541012119 2
21 975541012123 2
21 975541012127 2
21 975541012131 2
21 975541012135 2
21 975541012139 21
21 975541012143 2
21 975541012147 2
21 975541012151 2
21 975541012155 61
21 975541012159 2
21 975541012163 2
21 975541012167 2
21 975541012171 2
21 975541012175 2
21 975541012179 2
21 975541012183 2
21 975541012187 2
21 975541012191 2
21 975541012195 2
21 975541012199 2
21 975541012203 2
21 975541012207 2
21 975541012211 2
21 975541012215 2
21 975541012219 2
21 975541012223 2
21 975541012355 2
21 975541012358 2
21 975541012363 2
21 975541012366 2
21 975541012371 2
21 975541012374 2
21 975541012379 2
21 975541012382 2
21 975541012387 2
21 975541012390 2
21 975541012395 2
21 975541012398 2
21 975541012403 2
21 975541012406 2
21 975541012411 2
21 975541012414 2
21 975541012419 2
21 975541012422 2
21 975541012427 2
21 975541012430 2
21 975541012435 2
21 975541012438 2
21 975541012443 2
21 975541012446 2
21 975541012451 2
21 975541012454 2
21 975541012459 2
21 975541012462 2
21 975541012467 2
21 975541012470 2
21 975541012475 2
21 975541012478 2
24 975541011332 4
24 975541011333 2
24 975541011335 4
24 975541011340 4
24 975541011341 2
24 975541011343 4
24 975541011348 4
24 975541011349 2
24 975541011351 4
24 975541011356 95
24 975541011357 2
24 975541011359 250
24 975541011364 4
24 975541011365 2
24 975541011367 4
24 975541011372 4
24 975541011373 2
24 975541011375 4
24 975541011380 4
24 975541011381 2
24 975541011383 4
24 975541011388 4
24 975541011389 2
24 975541011391 4
24 975541011396 4
24 975541011397 2
24 975541011399 4
24 975541011404 4
24 975541011405 2
24 975541011407 4
24 975541011412 4
24 975541011413 2
24 975541011415 4
24 975541011420 4
24 975541011421 2
24 975541011423 4
24 975541011428 4
24 975541011429 2
24 975541011431 4
24 975541011436 4
24 975541011437 2
24 975541011439 4
24 975541011444 4
24 975541011445 2
24 975541011447 4
24 975541011452 4
24 975541011453 2
24 975541011455 4
24 975541011459 2
24 975541011461 2
24 975541011467 2
24 975541011469 2
24 975541011475 2
24 975541011477 2
24 975541011483 2
24 975541011485 2
24 975541011491 2
24 975541011493 2
24 975541011499 2
24 975541011501 2
24 975541011507 2
24 975541011509 2
24 975541011515 2
24 975541011517 2
24 975541011523 2
24 975541011525 2
24 975541011531 2
24 975541011533 2
24 975541011539 2
24 975541011541 2
24 975541011547 2
24 975541011549 2
24 975541011555 2
24 975541011557 2
24 975541011563 2
24 975541011565 2
24 975541011571 2
24 975541011573 2
24 975541011579 28
24 975541011581 2
24 975541011715 2
24 975541011716 2
24 975541011723 2
24 975541011724 2
24 975541011731 2
24 975541011732 2
24 975541011739 2
24 975541011740 2
24 975541011747 2
24 975541011748 2
24 975541011755 2
24 975541011756 2
24 975541011763 2
24 975541011764 2
24 975541011771 2
24 975541011772 2
24 975541011779 2
24 975541011780 2
24 975541011787 2
24 975541011788 2
24 975541011795 2
24 975541011796 2
24 975541011803 2
24 975541011804 2
24 975541011811 2
24 975541011812 2
24 975541011819 2
24 975541011820 2
24 975541011827 2
24 975541011828 2
24 975541011835 2
24 975541011836 2
24 975541011971 2
24 975541011972 2
24 975541011979 2
24 975541011980 2
24 975541011987 2
24 975541011988 2
24 975541011995 2
24 975541011996 2
24 975541012003 2
24 975541012004 2
24 975541012011 280
24 975541012012 2
24 975541012019 2
24 975541012020 2
24 975541012027 2
24 975541012028 2
24 975541012035 78
24 975541012036 2
24 975541012043 77
24 975541012044 2
24 975541012051 167
24 975541012052 2
24 975541012059 2
24 975541012060 2
24 975541012067 2
24 975541012068 2
24 975541012075 2
24 975541012076 2
24 975541012083 2
24 975541012084 2
24 975541012091 2
24 975541012092 2
24 975541012099 2
24 975541012103 2
24 975541012107 2
24 975541012111 2
24 975541012115 2
24 975541012119 2
24 975541012123 2
24 975541012127 2
24 975541012131 2
24 975541012135 2
24 975541012139 2
24 975541012143 2
24 975541012147 2
24 975541012151 2
24 975541012155 2
24 975541012159 2
24 975541012163 2
24 975541012167 2
24 975541012171 2
24 975541012175 2
24 975541012179 2
24 975541012183 2
24 975541012187 2
24 975541012191 2
24 975541012195 2
24 975541012199 2
24 975541012203 2
24 975541012207 2
24 975541012211 2
24 975541012215 2
24 975541012219 2
24 975541012223 2
24 975541012355 2
24 975541012359 2
24 975541012363 2
24 975541012367 2
24 975541012371 2
24 975541012375 2
24 975541012379 2
24 975541012383 2
24 975541012387 2
24 975541012391 2
24 975541012395 2
24 975541012399 2
24 975541012403 2
24 975541012407 2
24 975541012411 2
24 975541012415 2
24 975541012419 2
24 975541012423 2
24 975541012427 2
24 975541012431 2
24 975541012435 2
24 975541012439 2
24 975541012443 2
24 975541012447 2
24 975541012451 2
24 975541012455 2
24 975541012459 2
24 975541012463 2
24 975541012467 2
24 975541012471 2
24 975541012475 2
24 975541012479 2
27 975541011460 2
27 975541011463 4
27 975541011468 2
27 975541011471 4
27 975541011476 2
27 975541011479 4
27 975541011484 2
27 975541011487 4
27 975541011492 2
27 975541011495 4
27 975541011500 2
27 975541011503 4
27 975541011508 2
27 975541011511 4
27 975541011516 2
27 975541011519 4
27 975541011524 2
27 975541011527 4
27 975541011532 2
27 975541011535 4
27 975541011540 2
27 975541011543 4
27 975541011548 2
27 975541011551 4
27 975541011556 2
27 975541011559 4
27 975541011564 2
27 975541011567 4
27 975541011572 2
27 975541011575 4
27 975541011580 2
27 975541011583 4
27 975541011588 2
27 975541011591 2
27 975541011596 2
27 975541011599 2
27 975541011604 2
27 975541011607 2
27 975541011612 2
27 975541011615 2
27 975541011620 2
27 975541011623 2
27 975541011628 2
27 975541011631 2
27 975541011636 2
27 975541011639 2
27 975541011644 2
27 975541011647 2
27 975541011652 2
27 975541011655 2
27 975541011660 2
27 975541011663 2
27 975541011668 2
27 975541011671 2
27 975541011676 2
27 975541011679 2
27 975541011684 2
27 975541011687 2
27 975541011692 2
27 975541011695 2
27 975541011700 2
27 975541011703 2
27 975541011708 2
27 975541011711 2
27 975541011844 2
27 975541011847 2
27 975541011852 2
27 975541011855 2
27 975541011860 2
27 975541011863 2
27 975541011868 2
27 975541011871 2
27 975541011876 2
27 975541011879 2
27 975541011884 2
27 975541011887 2
27 975541011892 2
27 975541011895 2
27 975541011900 2
27 975541011903 2
27 975541011908 2
27 975541011911 2
27 975541011916 2
27 975541011919 2
27 975541011924 2
27 975541011927 2
27 975541011932 2
27 975541011935 2
27 975541011940 2
27 975541011943 2
27 975541011948 2
27 975541011951 2
27 975541011956 2
27 975541011959 2
27 975541011964 2
27 975541011967 2
27 975541012228 4
27 975541012236 4
27 975541012244 4
27 975541012252 4
27 975541012260 4
27 975541012268 4
27 975541012276 4
27 975541012284 4
27 975541012292 4
27 975541012300 4
27 975541012308 4
27 975541012316 4
27 975541012324 4
27 975541012332 4
27 975541012340 4
27 975541012348 4
29 975541011588 2
29 975541011589 2
29 975541011596 2
29 975541011597 2
29 975541011604 2
29 975541011605 2
29 975541011612 2
29 975541011613 2
29 975541011620 2
29 975541011621 2
29 975541011628 2
29 975541011629 2
29 975541011636 2
29 975541011637 2
29 975541011644 2
29 975541011645 2
29 975541011652 2
29 975541011653 2
29 975541011660 2
29 975541011661 2
29 975541011668 2
29 975541011669 2
29 975541011676 2
29 975541011677 2
29 975541011684 2
29 975541011685 2
29 975541011692 2
29 975541011693 2
29 975541011700 2
29 975541011701 2
29 975541011708 2
29 975541011709 2
29 975541011716 2
29 975541011724 2
29 975541011732 2
29 975541011740 2
29 975541011748 2
29 975541011756 2
29 975541011764 2
29 975541011772 2
29 975541011780 2
29 975541011788 2
29 975541011796 2
29 975541011804 2
29 975541011812 2
29 975541011820 2
29 975541011828 2
29 975541011836 2
30 975541011589 2
30 975541011590 2
30 975541011597 2
30 975541011598 2
30 975541011605 2
30 975541011606 2
30 975541011613 2
30 975541011614 2
30 975541011621 2
30 975541011622 2
30 975541011629 2
30 975541011630 2
30 975541011637 2
30 975541011638 2
30 975541011645 2
30 975541011646 2
30 975541011653 2
30 975541011654 2
30 975541011661 2
30 975541011662 2
30 975541011669 2
30 975541011670 2
30 975541011677 2
30 975541011678 2
30 975541011685 2
30 975541011686 2
30 975541011693 2
30 975541011694 2
30 975541011701 2
30 975541011702 2
30 975541011709 2
30 975541011710 2
30 975541011844 2
30 975541011846 2
30 975541011852 2
30 975541011854 2
30 975541011860 2
30 975541011862 2
30 975541011868 2
30 975541011870 2
30 975541011876 2
30 975541011878 2
30 975541011884 2
30 975541011886 2
30 975541011892 2
30 975541011894 2
30 975541011900 2
30 975541011902 2
30 975541011908 2
30 975541011910 2
30 975541011916 2
30 975541011918 2
30 975541011924 2
30 975541011926 2
30 975541011932 2
30 975541011934 2
30 975541011940 2
30 975541011942 2
30 975541011948 2
30 975541011950 2
30 975541011956 2
30 975541011958 2
30 975541011964 2
30 975541011966 2
30 975541012228 2
30 975541012229 2
30 975541012236 2
30 975541012237 2
30 975541012244 2
30 975541012245 2
30 975541012252 2
30 975541012253 2
30 975541012260 2
30 975541012261 2
30 975541012268 2
30 975541012269 2
30 975541012276 2
30 975541012277 2
30 975541012284 2
30 975541012285 2
30 975541012292 2
30 975541012293 2
30 975541012300 2
30 975541012301 2
30 975541012308 2
30 975541012309 2
30 975541012316 2
30 975541012317 2
30 975541012324 2
30 975541012325 2
30 975541012332 2
30 975541012333 2
30 975541012340 2
30 975541012341 2
30 975541012348 2
30 975541012349 2
32 975541011717 2
32 975541011718 2
32 975541011725 2
32 975541011726 2
32 975541011733 2
32 975541011734 2
32 975541011741 2
32 975541011742 2
32 975541011749 2
32 975541011750 2
32 975541011757 2
32 975541011758 2
32 975541011765 2
32 975541011766 2
32 975541011773 2
32 975541011774 2
32 975541011781 2
32 975541011782 2
32 975541011789 2
32 975541011790 2
32 975541011797 2
32 975541011798 2
32 975541011805 2
32 975541011806 2
32 975541011813 2
32 975541011814 2
32 975541011821 2
32 975541011822 2
32 975541011829 2
32 975541011830 2
32 975541011837 2
32 975541011838 2
32 975541012101 2
32 975541012109 2
32 975541012117 2
32 975541012125 2
32 975541012133 2
32 975541012141 2
32 975541012149 2
32 975541012157 2
32 975541012165 2
32 975541012173 2
32 975541012181 2
32 975541012189 2
32 975541012197 2
32 975541012205 2
32 975541012213 2
32 975541012221 2
33 975541011718 2
33 975541011726 2
33 975541011734 2
33 975541011742 2
33 975541011750 2
33 975541011758 2
33 975541011766 2
33 975541011774 2
33 975541011782 2
33 975541011790 2
33 975541011798 2
33 975541011806 2
33 975541011814 2
33 975541011822 2
33 975541011830 2
33 975541011838 2
33 975541012101 2
33 975541012102 2
33 975541012109 2
33 975541012110 2
33 975541012117 2
33 975541012118 2
33 975541012125 2
33 975541012126 2
33 975541012133 2
33 975541012134 2
33 975541012141 2
33 975541012142 2
33 975541012149 2
33 975541012150 2
33 975541012157 2
33 975541012158 2
33 975541012165 2
33 975541012166 2
33 975541012173 2
33 975541012174 2
33 975541012181 2
33 975541012182 2
33 975541012189 2
33 975541012190 2
33 975541012197 2
33 975541012198 2
33 975541012205 2
33 975541012206 2
33 975541012213 2
33 975541012214 2
33 975541012221 2
33 975541012222 2
35 975541011845 2
35 975541011846 2
35 975541011853 2
35 975541011854 2
35 975541011861 2
35 975541011862 2
35 975541011869 2
35 975541011870 2
35 975541011877 2
35 975541011878 2
35 975541011885 2
35 975541011886 2
35 975541011893 2
35 975541011894 2
35 975541011901 2
35 975541011902 2
35 975541011909 2
35 975541011910 2
35 975541011917 2
35 975541011918 2
35 975541011925 2
35 975541011926 2
35 975541011933 2
35 975541011934 2
35 975541011941 2
35 975541011942 2
35 975541011949 2
35 975541011950 2
35 975541011957 2
35 975541011958 2
35 975541011965 2
35 975541011966 2
35 975541012101 2
35 975541012109 2
35 975541012117 2
35 975541012125 2
35 975541012133 2
35 975541012141 2
35 975541012149 2
35 975541012157 2
35 975541012165 2
35 975541012173 2
35 975541012181 2
35 975541012189 2
35 975541012197 2
35 975541012205 2
35 975541012213 2
35 975541012221 2
36 975541011846 2
36 975541011854 2
36 975541011862 2
36 975541011870 2
36 975541011878 2
36 975541011886 2
36 975541011894 2
36 975541011902 2
36 975541011910 2
36 975541011918 2
36 975541011926 2
36 975541011934 2
36 975541011942 2
36 975541011950 2
36 975541011958 2
36 975541011966 2
36 975541012357 2
36 975541012358 2
36 975541012365 2
36 975541012366 2
36 975541012373 2
36 975541012374 2
36 975541012381 2
36 975541012382 2
36 975541012389 2
36 975541012390 2
36 975541012397 2
36 975541012398 2
36 975541012405 2
36 975541012406 2
36 975541012413 2
36 975541012414 2
36 975541012421 2
36 975541012422 2
36 975541012429 2
36 975541012430 2
36 975541012437 2
36 975541012438 2
36 975541012445 2
36 975541012446 2
36 975541012453 2
36 975541012454 2
36 975541012461 2
36 975541012462 2
36 975541012469 2
36 975541012470 2
36 975541012477 2
36 975541012478 2
39 975541011975 2
39 975541011983 2
39 975541011991 2
39 975541011999 2
39 975541012007 2
39 975541012015 2
39 975541012023 2
39 975541012031 2
39 975541012039 2
39 975541012047 2
39 975541012055 2
39 975541012063 2
39 975541012071 2
39 975541012079 2
39 975541012087 2
39 975541012095 2
39 975541012358 2
39 975541012359 2
39 975541012366 2
39 975541012367 2
39 975541012374 2
39 975541012375 2
39 975541012382 2
39 975541012383 2
39 975541012390 2
39 975541012391 2
39 975541012398 2
39 975541012399 2
39 975541012406 2
39 975541012407 2
39 975541012414 2
39 975541012415 2
39 975541012422 2
39 975541012423 2
39 975541012430 2
39 975541012431 2
39 975541012438 2
39 975541012439 2
39 975541012446 2
39 975541012447 2
39 975541012454 2
39 975541012455 2
39 975541012462 2
39 975541012463 2
39 975541012470 2
39 975541012471 2
39 975541012478 2
39 975541012479 2
