2 975541010432 2
2 975541010435 2
2 975541010440 2
2 975541010443 2
2 975541010448 2
2 975541010451 2
2 975541010456 2
2 975541010459 2
2 975541010464 2
2 975541010467 2
2 975541010472 2
2 975541010475 2
2 975541010480 2
2 975541010483 2
2 975541010488 2
2 975541010491 2
2 975541010496 2
2 975541010499 2
2 975541010504 2
2 975541010507 2
2 975541010512 2
2 975541010515 2
2 975541010520 2
2 975541010523 2
2 975541010528 2
2 975541010531 2
2 975541010536 2
2 975541010539 2
2 975541010544 2
2 975541010547 2
2 975541010552 2
2 975541010555 2
2 975541011200 2
2 975541011208 2
2 975541011216 2
2 975541011224 2
2 975541011232 2
2 975541011240 2
2 975541011248 2
2 975541011256 2
2 975541011264 2
2 975541011272 2
2 975541011280 2
2 975541011288 2
2 975541011296 2
2 975541011304 2
2 975541011312 2
2 975541011320 2
3 975541010433 4
3 975541010434 2
3 975541010435 14
3 975541010436 2
3 975541010438 2
3 975541010441 4
3 975541010442 2
3 975541010443 54
3 975541010444 2
3 975541010446 2
3 975541010449 4
3 975541010450 2
3 975541010451 14
3 975541010452 2
3 975541010454 2
3 975541010457 4
3 975541010458 2
3 975541010459 14
3 975541010460 2
3 975541010462 2
3 975541010465 4
3 975541010466 2
3 975541010467 14
3 975541010468 2
3 975541010470 2
3 975541010473 4
3 975541010474 2
3 975541010475 14
3 975541010476 2
3 975541010478 2
3 975541010481 4
3 975541010482 2
3 975541010483 14
3 975541010484 2
3 975541010486 2
3 975541010489 4
3 975541010490 2
3 975541010491 71
3 975541010492 2
3 975541010494 2
3 975541010497 4
3 975541010498 2
3 975541010499 14
3 975541010500 2
3 975541010502 2
3 975541010505 4
3 975541010506 2
3 975541010507 52
3 975541010508 2
3 975541010510 2
3 975541010513 4
3 975541010514 2
3 975541010515 14
3 975541010516 2
3 975541010518 2
3 975541010521 4
3 975541010522 2
3 975541010523 14
3 975541010524 2
3 975541010526 2
3 975541010529 4
3 975541010530 2
3 975541010531 14
3 975541010532 2
3 975541010534 2
3 975541010537 4
3 975541010538 2
3 975541010539 14
3 975541010540 2
3 975541010542 2
3 975541010545 4
3 975541010546 2
3 975541010547 14
3 975541010548 2
3 975541010550 2
3 975541010553 4
3 975541010554 2
3 975541010555 14
3 975541010556 2
3 975541010558 2
3 975541010560 2
3 975541010563 2
3 975541010568 10
3 975541010571 2
3 975541010576 2
3 975541010579 2
3 975541010584 2
3 975541010587 2
3 975541010592 2
3 975541010595 2
3 975541010600 2
3 975541010603 2
3 975541010608 2
3 975541010611 2
3 975541010616 2
3 975541010619 2
3 975541010624 2
3 975541010627 2
3 975541010632 2
3 975541010635 2
3 975541010640 2
3 975541010643 2
3 975541010648 2
3 975541010651 2
3 975541010656 2
3 975541010659 2
3 975541010664 2
3 975541010667 2
3 975541010672 2
3 975541010675 2
3 975541010680 2
3 975541010683 2
3 975541010688 2
3 975541010691 2
3 975541010696 2
3 975541010699 2
3 975541010704 2
3 975541010707 2
3 975541010712 2
3 975541010715 2
3 975541010720 2
3 975541010723 2
3 975541010728 2
3 975541010731 2
3 975541010736 2
3 975541010739 2
3 975541010744 2
3 975541010747 2
3 975541010752 2
3 975541010755 2
3 975541010760 2
3 975541010763 2
3 975541010768 2
3 975541010771 2
3 975541010776 2
3 975541010779 2
3 975541010784 2
3 975541010787 2
3 975541010792 2
3 975541010795 2
3 975541010800 2
3 975541010803 2
3 975541010808 2
3 975541010811 2
3 975541010816 2
3 975541010819 2
3 975541010824 2
3 975541010827 2
3 975541010832 2
3 975541010835 2
3 975541010840 2
3 975541010843 2
3 975541010848 2
3 975541010851 2
3 975541010856 2
3 975541010859 2
3 975541010864 2
3 975541010867 2
3 975541010872 2
3 975541010875 2
3 975541010880 2
3 975541010883 2
3 975541010888 2
3 975541010891 2
3 975541010896 2
3 975541010899 2
3 975541010904 2
3 975541010907 2
3 975541010912 2
3 975541010915 2
3 975541010920 2
3 975541010923 2
3 975541010928 2
3 975541010931 2
3 975541010936 2
3 975541010939 2
3 975541010944 2
3 975541010947 2
3 975541010952 2
3 975541010955 2
3 975541010960 2
3 975541010963 2
3 975541010968 2
3 975541010971 2
3 975541010976 2
3 975541010979 2
3 975541010984 2
3 975541010987 2
3 975541010992 2
3 975541010995 2
3 975541011000 2
3 975541011003 2
3 975541011008 2
3 975541011011 2
3 975541011016 2
3 975541011019 2
3 975541011024 2
3 975541011027 2
3 975541011032 2
3 975541011035 2
3 975541011040 2
3 975541011043 2
3 975541011048 2
3 975541011051 2
3 975541011056 2
3 975541011059 2
3 975541011064 2
3 975541011067 2
3 975541011072 194
3 975541011075 2
3 975541011080 2
3 975541011083 2
3 975541011088 2
3 975541011091 2
3 975541011096 2
3 975541011099 2
3 975541011104 2
3 975541011107 2
3 975541011112 2
3 975541011115 2
3 975541011120 2
3 975541011123 2
3 975541011128 2
3 975541011131 2
3 975541011136 2
3 975541011139 2
3 975541011144 2
3 975541011147 2
3 975541011152 2
3 975541011155 2
3 975541011160 2
3 975541011163 2
3 975541011168 2
3 975541011171 2
3 975541011176 2
3 975541011179 2
3 975541011184 2
3 975541011187 2
3 975541011192 2
3 975541011195 2
3 975541011200 2
3 975541011203 2
3 975541011208 2
3 975541011211 2
3 975541011216 2
3 975541011219 2
3 975541011224 2
3 975541011227 2
3 975541011232 2
3 975541011235 2
3 975541011240 2
3 975541011243 2
3 975541011248 2
3 975541011251 2
3 975541011256 2
3 975541011259 2
3 975541011264 2
3 975541011267 2
3 975541011272 2
3 975541011275 2
3 975541011280 2
3 975541011283 2
3 975541011288 2
3 975541011291 2
3 975541011296 2
3 975541011299 2
3 975541011304 2
3 975541011307 2
3 975541011312 2
3 975541011315 2
3 975541011320 2
3 975541011323 2
3 975541011456 2
3 975541011457 2
3 975541011464 2
3 975541011465 2
3 975541011472 2
3 975541011473 2
3 975541011480 2
3 975541011481 2
3 975541011488 2
3 975541011489 2
3 975541011496 2
3 975541011497 2
3 975541011504 2
3 975541011505 2
3 975541011512 2
3 975541011513 2
3 975541011520 2
3 975541011521 2
3 975541011528 2
3 975541011529 2
3 975541011536 2
3 975541011537 2
3 975541011544 2
3 975541011545 2
3 975541011552 2
3 975541011553 2
3 975541011560 2
3 975541011561 2
3 975541011568 2
3 975541011569 2
3 975541011576 2
3 975541011577 2
3 975541011712 4
3 975541011714 2
3 975541011718 2
3 975541011720 4
3 975541011722 2
3 975541011726 2
3 975541011728 4
3 975541011730 2
3 975541011734 2
3 975541011736 4
3 975541011738 2
3 975541011742 2
3 975541011744 4
3 975541011746 2
3 975541011750 2
3 975541011752 4
3 975541011754 2
3 975541011758 2
3 975541011760 4
3 975541011762 2
3 975541011766 2
3 975541011768 4
3 975541011770 2
3 975541011774 2
3 975541011776 4
3 975541011778 2
3 975541011782 2
3 975541011784 4
3 975541011786 2
3 975541011790 2
3 975541011792 4
3 975541011794 2
3 975541011798 2
3 975541011800 4
3 975541011802 2
3 975541011806 2
3 975541011808 4
3 975541011810 2
3 975541011814 2
3 975541011816 4
3 975541011818 2
3 975541011822 2
3 975541011824 4
3 975541011826 2
3 975541011830 2
3 975541011832 4
3 975541011834 2
3 975541011838 2
3 975541011840 6
3 975541011841 2
3 975541011843 2
3 975541011844 2
3 975541011848 6
3 975541011849 2
3 975541011851 2
3 975541011852 2
3 975541011856 6
3 975541011857 2
3 975541011859 2
3 975541011860 2
3 975541011864 6
3 975541011865 2
3 975541011867 2
3 975541011868 2
3 975541011872 6
3 975541011873 2
3 975541011875 2
3 975541011876 2
3 975541011880 6
3 975541011881 2
3 975541011883 2
3 975541011884 2
3 975541011888 6
3 975541011889 2
3 975541011891 2
3 975541011892 2
3 975541011896 6
3 975541011897 2
3 975541011899 2
3 975541011900 2
3 975541011904 6
3 975541011905 2
3 975541011907 2
3 975541011908 2
3 975541011912 6
3 975541011913 2
3 975541011915 2
3 975541011916 2
3 975541011920 6
3 975541011921 2
3 975541011923 2
3 975541011924 2
3 975541011928 6
3 975541011929 2
3 975541011931 2
3 975541011932 2
3 975541011936 6
3 975541011937 2
3 975541011939 2
3 975541011940 2
3 975541011944 15
3 975541011945 2
3 975541011947 2
3 975541011948 2
3 975541011952 6
3 975541011953 2
3 975541011955 2
3 975541011956 2
3 975541011960 6
3 975541011961 2
3 975541011963 2
3 975541011964 2
5 975541010560 2
5 975541010565 2
5 975541010568 2
5 975541010573 2
5 975541010576 2
5 975541010581 2
5 975541010584 2
5 975541010589 2
5 975541010592 2
5 975541010597 2
5 975541010600 2
5 975541010605 2
5 975541010608 2
5 975541010613 2
5 975541010616 2
5 975541010621 2
5 975541010624 2
5 975541010629 2
5 975541010632 2
5 975541010637 2
5 975541010640 2
5 975541010645 2
5 975541010648 2
5 975541010653 2
5 975541010656 2
5 975541010661 2
5 975541010664 2
5 975541010669 2
5 975541010672 2
5 975541010677 2
5 975541010680 2
5 975541010685 2
5 975541011712 2
5 975541011720 2
5 975541011728 2
5 975541011736 2
5 975541011744 2
5 975541011752 2
5 975541011760 2
5 975541011768 2
5 975541011776 2
5 975541011784 2
5 975541011792 2
5 975541011800 2
5 975541011808 2
5 975541011816 2
5 975541011824 2
5 975541011832 2
6 975541010561 2
6 975541010562 2
6 975541010563 2
6 975541010565 6
6 975541010566 6
6 975541010567 6
6 975541010569 2
6 975541010570 2
6 975541010571 2
6 975541010573 6
6 975541010574 6
6 975541010575 80
6 975541010577 2
6 975541010578 2
6 975541010579 2
6 975541010581 6
6 975541010582 6
6 975541010583 82
6 975541010585 2
6 975541010586 2
6 975541010587 2
6 975541010589 6
6 975541010590 6
6 975541010591 6
6 975541010593 2
6 975541010594 2
6 975541010595 2
6 975541010597 6
6 975541010598 6
6 975541010599 6
6 975541010601 2
6 975541010602 2
6 975541010603 2
6 975541010605 6
6 975541010606 6
6 975541010607 44
6 975541010609 2
6 975541010610 2
6 975541010611 2
6 975541010613 6
6 975541010614 6
6 975541010615 6
6 975541010617 2
6 975541010618 2
6 975541010619 2
6 975541010621 6
6 975541010622 6
6 975541010623 6
6 975541010625 2
6 975541010626 249
6 975541010627 2
6 975541010629 6
6 975541010630 6
6 975541010631 6
6 975541010633 2
6 975541010634 2
6 975541010635 2
6 975541010637 6
6 975541010638 6
6 975541010639 6
6 975541010641 2
6 975541010642 2
6 975541010643 2
6 975541010645 6
6 975541010646 33
6 975541010647 59
6 975541010649 2
6 975541010650 2
6 975541010651 2
6 975541010653 6
6 975541010654 19
6 975541010655 6
6 975541010657 2
6 975541010658 24
6 975541010659 83
6 975541010661 6
6 975541010662 6
6 975541010663 6
6 975541010665 2
6 975541010666 2
6 975541010667 2
6 975541010669 6
6 975541010670 6
6 975541010671 6
6 975541010673 2
6 975541010674 2
6 975541010675 2
6 975541010677 6
6 975541010678 6
6 975541010679 6
6 975541010681 2
6 975541010682 2
6 975541010683 2
6 975541010685 6
6 975541010686 6
6 975541010687 21
6 975541010688 2
6 975541010693 2
6 975541010696 2
6 975541010701 2
6 975541010704 2
6 975541010709 2
6 975541010712 2
6 975541010717 2
6 975541010720 2
6 975541010725 2
6 975541010728 2
6 975541010733 2
6 975541010736 2
6 975541010741 2
6 975541010744 2
6 975541010749 2
6 975541010752 2
6 975541010757 2
6 975541010760 2
6 975541010765 2
6 975541010768 2
6 975541010773 2
6 975541010776 2
6 975541010781 2
6 975541010784 2
6 975541010789 2
6 975541010792 2
6 975541010797 2
6 975541010800 2
6 975541010805 2
6 975541010808 2
6 975541010813 2
6 975541010816 2
6 975541010822 2
6 975541010824 2
6 975541010830 2
6 975541010832 2
6 975541010838 2
6 975541010840 2
6 975541010846 2
6 975541010848 2
6 975541010854 2
6 975541010856 2
6 975541010862 2
6 975541010864 2
6 975541010870 2
6 975541010872 2
6 975541010878 2
6 975541010880 2
6 975541010886 2
6 975541010888 2
6 975541010894 2
6 975541010896 2
6 975541010902 2
6 975541010904 2
6 975541010910 2
6 975541010912 2
6 975541010918 2
6 975541010920 2
6 975541010926 2
6 975541010928 2
6 975541010934 2
6 975541010936 2
6 975541010942 2
6 975541010944 2
6 975541010950 2
6 975541010952 2
6 975541010958 2
6 975541010960 2
6 975541010966 2
6 975541010968 2
6 975541010974 2
6 975541010976 2
6 975541010982 2
6 975541010984 2
6 975541010990 2
6 975541010992 2
6 975541010998 2
6 975541011000 2
6 975541011006 2
6 975541011008 12
6 975541011014 2
6 975541011016 2
6 975541011022 2
6 975541011024 2
6 975541011030 2
6 975541011032 2
6 975541011038 2
6 975541011040 2
6 975541011046 2
6 975541011048 2
6 975541011054 2
6 975541011056 2
6 975541011062 2
6 975541011064 2
6 975541011070 2
6 975541011072 2
6 975541011079 2
6 975541011080 2
6 975541011087 2
6 975541011088 2
6 975541011095 2
6 975541011096 2
6 975541011103 2
6 975541011104 2
6 975541011111 2
6 975541011112 2
6 975541011119 2
6 975541011120 2
6 975541011127 2
6 975541011128 2
6 975541011135 2
6 975541011136 2
6 975541011143 2
6 975541011144 2
6 975541011151 2
6 975541011152 2
6 975541011159 2
6 975541011160 2
6 975541011167 2
6 975541011168 2
6 975541011175 2
6 975541011176 2
6 975541011183 2
6 975541011184 2
6 975541011191 2
6 975541011192 213
6 975541011199 2
6 975541011200 2
6 975541011207 2
6 975541011208 2
6 975541011215 2
6 975541011216 2
6 975541011223 2
6 975541011224 2
6 975541011231 2
6 975541011232 2
6 975541011239 2
6 975541011240 2
6 975541011247 2
6 975541011248 2
6 975541011255 2
6 975541011256 82
6 975541011263 2
6 975541011264 2
6 975541011271 2
6 975541011272 2
6 975541011279 2
6 975541011280 2
6 975541011287 2
6 975541011288 2
6 975541011295 2
6 975541011296 2
6 975541011303 2
6 975541011304 2
6 975541011311 2
6 975541011312 2
6 975541011319 2
6 975541011320 2
6 975541011327 2
6 975541011456 4
6 975541011457 2
6 975541011463 2
6 975541011464 4
6 975541011465 2
6 975541011471 2
6 975541011472 4
6 975541011473 2
6 975541011479 2
6 975541011480 4
6 975541011481 2
6 975541011487 2
6 975541011488 4
6 975541011489 2
6 975541011495 2
6 975541011496 14
6 975541011497 2
6 975541011503 2
6 975541011504 4
6 975541011505 2
6 975541011511 2
6 975541011512 4
6 975541011513 2
6 975541011519 2
6 975541011520 4
6 975541011521 2
6 975541011527 2
6 975541011528 4
6 975541011529 2
6 975541011535 2
6 975541011536 4
6 975541011537 2
6 975541011543 2
6 975541011544 4
6 975541011545 2
6 975541011551 2
6 975541011552 4
6 975541011553 2
6 975541011559 2
6 975541011560 4
6 975541011561 2
6 975541011567 2
6 975541011568 4
6 975541011569 2
6 975541011575 2
6 975541011576 4
6 975541011577 2
6 975541011583 2
6 975541011968 6
6 975541011970 2
6 975541011971 2
6 975541011973 2
6 975541011976 6
6 975541011978 2
6 975541011979 2
6 975541011981 2
6 975541011984 6
6 975541011986 2
6 975541011987 2
6 975541011989 2
6 975541011992 6
6 975541011994 2
6 975541011995 2
6 975541011997 2
6 975541012000 6
6 975541012002 2
6 975541012003 2
6 975541012005 2
6 975541012008 6
6 975541012010 2
6 975541012011 2
6 975541012013 2
6 975541012016 6
6 975541012018 2
6 975541012019 2
6 975541012021 2
6 975541012024 6
6 975541012026 2
6 975541012027 2
6 975541012029 2
6 975541012032 187
6 975541012034 2
6 975541012035 2
6 975541012037 2
6 975541012040 6
6 975541012042 2
6 975541012043 2
6 975541012045 2
6 975541012048 6
6 975541012050 2
6 975541012051 2
6 975541012053 2
6 975541012056 6
6 975541012058 2
6 975541012059 2
6 975541012061 2
6 975541012064 6
6 975541012066 2
6 975541012067 2
6 975541012069 2
6 975541012072 200
6 975541012074 2
6 975541012075 2
6 975541012077 2
6 975541012080 6
6 975541012082 2
6 975541012083 2
6 975541012085 2
6 975541012088 6
6 975541012090 2
6 975541012091 2
6 975541012093 2
6 975541012096 2
6 975541012102 2
6 975541012104 2
6 975541012110 2
6 975541012112 2
6 975541012118 2
6 975541012120 2
6 975541012126 2
6 975541012128 2
6 975541012134 2
6 975541012136 2
6 975541012142 2
6 975541012144 2
6 975541012150 2
6 975541012152 2
6 975541012158 2
6 975541012160 2
6 975541012166 2
6 975541012168 2
6 975541012174 2
6 975541012176 2
6 975541012182 2
6 975541012184 2
6 975541012190 2
6 975541012192 2
6 975541012198 2
6 975541012200 2
6 975541012206 2
6 975541012208 2
6 975541012214 2
6 975541012216 2
6 975541012222 2
6 975541012224 2
6 975541012229 2
6 975541012232 2
6 975541012237 2
6 975541012240 2
6 975541012245 2
6 975541012248 2
6 975541012253 2
6 975541012256 2
6 975541012261 2
6 975541012264 2
6 975541012269 2
6 975541012272 2
6 975541012277 2
6 975541012280 2
6 975541012285 2
6 975541012288 2
6 975541012293 2
6 975541012296 2
6 975541012301 2
6 975541012304 2
6 975541012309 2
6 975541012312 2
6 975541012317 2
6 975541012320 2
6 975541012325 2
6 975541012328 2
6 975541012333 2
6 975541012336 2
6 975541012341 2
6 975541012344 2
6 975541012349 2
8 975541010689 2
8 975541010691 2
8 975541010697 2
8 975541010699 2
8 975541010705 2
8 975541010707 2
8 975541010713 2
8 975541010715 2
8 975541010721 2
8 975541010723 2
8 975541010729 2
8 975541010731 2
8 975541010737 2
8 975541010739 2
8 975541010745 2
8 975541010747 2
8 975541010753 2
8 975541010755 2
8 975541010761 2
8 975541010763 2
8 975541010769 2
8 975541010771 2
8 975541010777 2
8 975541010779 2
8 975541010785 2
8 975541010787 2
8 975541010793 2
8 975541010795 2
8 975541010801 2
8 975541010803 2
8 975541010809 2
8 975541010811 2
8 975541011201 2
8 975541011209 2
8 975541011217 2
8 975541011225 2
8 975541011233 2
8 975541011241 2
8 975541011249 2
8 975541011257 2
8 975541011265 2
8 975541011273 2
8 975541011281 2
8 975541011289 2
8 975541011297 2
8 975541011305 2
8 975541011313 2
8 975541011321 2
9 975541010689 2
9 975541010690 4
9 975541010691 2
9 975541010692 4
9 975541010693 4
9 975541010694 6
9 975541010695 2
9 975541010697 2
9 975541010698 4
9 975541010699 2
9 975541010700 4
9 975541010701 4
9 975541010702 132
9 975541010703 2
9 975541010705 2
9 975541010706 30
9 975541010707 2
9 975541010708 4
9 975541010709 4
9 975541010710 6
9 975541010711 2
9 975541010713 2
9 975541010714 4
9 975541010715 2
9 975541010716 4
9 975541010717 4
9 975541010718 6
9 975541010719 2
9 975541010721 2
9 975541010722 4
9 975541010723 2
9 975541010724 4
9 975541010725 4
9 975541010726 6
9 975541010727 2
9 975541010729 2
9 975541010730 4
9 975541010731 2
9 975541010732 4
9 975541010733 4
9 975541010734 6
9 975541010735 2
9 975541010737 2
9 975541010738 4
9 975541010739 2
9 975541010740 4
9 975541010741 4
9 975541010742 6
9 975541010743 2
9 975541010745 2
9 975541010746 4
9 975541010747 2
9 975541010748 4
9 975541010749 4
9 975541010750 6
9 975541010751 2
9 975541010753 2
9 975541010754 4
9 975541010755 2
9 975541010756 4
9 975541010757 4
9 975541010758 6
9 975541010759 2
9 975541010761 2
9 975541010762 4
9 975541010763 2
9 975541010764 4
9 975541010765 4
9 975541010766 6
9 975541010767 2
9 975541010769 2
9 975541010770 4
9 975541010771 2
9 975541010772 4
9 975541010773 41
9 975541010774 6
9 975541010775 2
9 975541010777 2
9 975541010778 4
9 975541010779 2
9 975541010780 4
9 975541010781 4
9 975541010782 6
9 975541010783 2
9 975541010785 2
9 975541010786 6
9 975541010787 2
9 975541010788 4
9 975541010789 34
9 975541010790 6
9 975541010791 2
9 975541010793 2
9 975541010794 7
9 975541010795 2
9 975541010796 4
9 975541010797 4
9 975541010798 6
9 975541010799 2
9 975541010801 2
9 975541010802 4
9 975541010803 2
9 975541010804 4
9 975541010805 4
9 975541010806 6
9 975541010807 2
9 975541010809 2
9 975541010810 4
9 975541010811 2
9 975541010812 4
9 975541010813 4
9 975541010814 6
9 975541010815 2
9 975541010817 2
9 975541010820 2
9 975541010825 2
9 975541010828 2
9 975541010833 2
9 975541010836 2
9 975541010841 2
9 975541010844 2
9 975541010849 2
9 975541010852 2
9 975541010857 2
9 975541010860 2
9 975541010865 2
9 975541010868 2
9 975541010873 2
9 975541010876 2
9 975541010881 2
9 975541010884 2
9 975541010889 2
9 975541010892 2
9 975541010897 2
9 975541010900 2
9 975541010905 2
9 975541010908 2
9 975541010913 2
9 975541010916 2
9 975541010921 2
9 975541010924 2
9 975541010929 2
9 975541010932 2
9 975541010937 2
9 975541010940 2
9 975541010945 2
9 975541010949 3
9 975541010953 2
9 975541010957 2
9 975541010961 2
9 975541010965 15
9 975541010969 2
9 975541010973 7
9 975541010977 2
9 975541010981 4
9 975541010985 2
9 975541010989 5
9 975541010993 2
9 975541010997 8
9 975541011001 2
9 975541011005 6
9 975541011009 2
9 975541011013 2
9 975541011017 2
9 975541011021 2
9 975541011025 25
9 975541011029 5
9 975541011033 2
9 975541011037 2
9 975541011041 25
9 975541011045 2
9 975541011049 5
9 975541011053 2
9 975541011057 2
9 975541011061 2
9 975541011065 2
9 975541011069 2
9 975541011073 2
9 975541011078 2
9 975541011081 2
9 975541011086 2
9 975541011089 2
9 975541011094 2
9 975541011097 150
9 975541011102 2
9 975541011105 2
9 975541011110 2
9 975541011113 2
9 975541011118 2
9 975541011121 2
9 975541011126 2
9 975541011129 2
9 975541011134 2
9 975541011137 2
9 975541011142 2
9 975541011145 2
9 975541011150 2
9 975541011153 2
9 975541011158 2
9 975541011161 2
9 975541011166 2
9 975541011169 177
9 975541011174 2
9 975541011177 2
9 975541011182 2
9 975541011185 2
9 975541011190 2
9 975541011193 2
9 975541011198 2
9 975541011201 2
9 975541011207 2
9 975541011209 2
9 975541011215 2
9 975541011217 2
9 975541011223 2
9 975541011225 2
9 975541011231 2
9 975541011233 2
9 975541011239 2
9 975541011241 2
9 975541011247 2
9 975541011249 2
9 975541011255 2
9 975541011257 2
9 975541011263 2
9 975541011265 2
9 975541011271 2
9 975541011273 2
9 975541011279 2
9 975541011281 2
9 975541011287 2
9 975541011289 2
9 975541011295 2
9 975541011297 2
9 975541011303 2
9 975541011305 2
9 975541011311 2
9 975541011313 2
9 975541011319 2
9 975541011321 2
9 975541011327 2
9 975541011457 4
9 975541011465 353
9 975541011473 4
9 975541011481 4
9 975541011489 4
9 975541011497 4
9 975541011505 4
9 975541011513 4
9 975541011521 4
9 975541011529 4
9 975541011537 4
9 975541011545 4
9 975541011553 4
9 975541011561 4
9 975541011569 4
9 975541011577 4
9 975541011585 2
9 975541011586 2
9 975541011593 2
9 975541011594 2
9 975541011601 2
9 975541011602 2
9 975541011609 2
9 975541011610 2
9 975541011617 46
9 975541011618 2
9 975541011625 2
9 975541011626 2
9 975541011633 2
9 975541011634 2
9 975541011641 2
9 975541011642 2
9 975541011649 2
9 975541011650 2
9 975541011657 2
9 975541011658 2
9 975541011665 2
9 975541011666 2
9 975541011673 2
9 975541011674 2
9 975541011681 39
9 975541011682 2
9 975541011689 4
9 975541011690 2
9 975541011697 2
9 975541011698 2
9 975541011705 2
9 975541011706 2
9 975541011969 6
9 975541011970 2
9 975541011972 2
9 975541011974 2
9 975541011977 6
9 975541011978 2
9 975541011980 2
9 975541011982 2
9 975541011985 6
9 975541011986 2
9 975541011988 2
9 975541011990 2
9 975541011993 6
9 975541011994 2
9 975541011996 2
9 975541011998 2
9 975541012001 6
9 975541012002 2
9 975541012004 2
9 975541012006 2
9 975541012009 6
9 975541012010 2
9 975541012012 2
9 975541012014 2
9 975541012017 6
9 975541012018 2
9 975541012020 2
9 975541012022 2
9 975541012025 6
9 975541012026 2
9 975541012028 2
9 975541012030 2
9 975541012033 6
9 975541012034 2
9 975541012036 2
9 975541012038 2
9 975541012041 6
9 975541012042 2
9 975541012044 2
9 975541012046 2
9 975541012049 6
9 975541012050 11
9 975541012052 2
9 975541012054 2
9 975541012057 6
9 975541012058 2
9 975541012060 2
9 975541012062 2
9 975541012065 6
9 975541012066 2
9 975541012068 2
9 975541012070 2
9 975541012073 6
9 975541012074 2
9 975541012076 2
9 975541012078 2
9 975541012081 6
9 975541012082 2
9 975541012084 2
9 975541012086 2
9 975541012089 6
9 975541012090 2
9 975541012092 2
9 975541012094 2
9 975541012097 2
9 975541012099 2
9 975541012105 2
9 975541012107 2
9 975541012113 2
9 975541012115 2
9 975541012121 2
9 975541012123 2
9 975541012129 2
9 975541012131 2
9 975541012137 2
9 975541012139 2
9 975541012145 2
9 975541012147 2
9 975541012153 2
9 975541012155 2
9 975541012161 2
9 975541012163 2
9 975541012169 2
9 975541012171 2
9 975541012177 2
9 975541012179 2
9 975541012185 2
9 975541012187 2
9 975541012193 2
9 975541012195 2
9 975541012201 2
9 975541012203 2
9 975541012209 2
9 975541012211 2
9 975541012217 2
9 975541012219 2
9 975541012225 4
9 975541012229 2
9 975541012230 2
9 975541012233 4
9 975541012237 2
9 975541012238 2
9 975541012241 4
9 975541012245 2
9 975541012246 2
9 975541012249 4
9 975541012253 2
9 975541012254 2
9 975541012257 4
9 975541012261 2
9 975541012262 2
9 975541012265 4
9 975541012269 2
9 975541012270 2
9 975541012273 4
9 975541012277 2
9 975541012278 2
9 975541012281 4
9 975541012285 2
9 975541012286 2
9 975541012289 4
9 975541012293 2
9 975541012294 2
9 975541012297 4
9 975541012301 2
9 975541012302 2
9 975541012305 4
9 975541012309 2
9 975541012310 2
9 975541012313 4
9 975541012317 2
9 975541012318 2
9 975541012321 4
9 975541012325 2
9 975541012326 2
9 975541012329 4
9 975541012333 2
9 975541012334 2
9 975541012337 4
9 975541012341 2
9 975541012342 2
9 975541012345 4
9 975541012349 2
9 975541012350 2
11 975541010817 2
11 975541010822 2
11 975541010825 2
11 975541010830 2
11 975541010833 2
11 975541010838 2
11 975541010841 2
11 975541010846 2
11 975541010849 2
11 975541010854 2
11 975541010857 2
11 975541010862 2
11 975541010865 2
11 975541010870 2
11 975541010873 2
11 975541010878 2
11 975541010881 2
11 975541010886 2
11 975541010889 2
11 975541010894 2
11 975541010897 2
11 975541010902 2
11 975541010905 2
11 975541010910 2
11 975541010913 2
11 975541010918 2
11 975541010921 2
11 975541010926 2
11 975541010929 2
11 975541010934 2
11 975541010937 2
11 975541010942 2
11 975541012097 2
11 975541012105 2
11 975541012113 2
11 975541012121 2
11 975541012129 2
11 975541012137 2
11 975541012145 2
11 975541012153 2
11 975541012161 2
11 975541012169 2
11 975541012177 2
11 975541012185 2
11 975541012193 2
11 975541012201 2
11 975541012209 2
11 975541012217 2
12 975541010818 4
12 975541010819 12
12 975541010821 2
12 975541010822 2
12 975541010826 7
12 975541010827 4
12 975541010829 2
12 975541010830 2
12 975541010834 4
12 975541010835 4
12 975541010837 2
12 975541010838 2
12 975541010842 4
12 975541010843 4
12 975541010845 2
12 975541010846 2
12 975541010850 5
12 975541010851 4
12 975541010853 2
12 975541010854 2
12 975541010858 6
12 975541010859 4
12 975541010861 2
12 975541010862 2
12 975541010866 4
12 975541010867 4
12 975541010869 273
12 975541010870 2
12 975541010874 4
12 975541010875 4
12 975541010877 2
12 975541010878 2
12 975541010882 7
12 975541010883 4
12 975541010885 2
12 975541010886 1032
12 975541010890 7
12 975541010891 6
12 975541010893 2
12 975541010894 2
12 975541010898 4
12 975541010899 4
12 975541010901 2
12 975541010902 2
12 975541010906 4
12 975541010907 139
12 975541010909 2
12 975541010910 2
12 975541010914 4
12 975541010915 4
12 975541010917 2
12 975541010918 4
12 975541010922 7
12 975541010923 4
12 975541010925 2
12 975541010926 16
12 975541010930 4
12 975541010931 4
12 975541010933 2
12 975541010934 2
12 975541010938 4
12 975541010939 4
12 975541010941 228
12 975541010942 2
12 975541011073 2
12 975541011074 2
12 975541011081 2
12 975541011082 2
12 975541011089 2
12 975541011090 2
12 975541011097 2
12 975541011098 2
12 975541011105 2
12 975541011106 2
12 975541011113 2
12 975541011114 2
12 975541011121 2
12 975541011122 2
12 975541011129 2
12 975541011130 2
12 975541011137 2
12 975541011138 2
12 975541011145 2
12 975541011146 2
12 975541011153 2
12 975541011154 2
12 975541011161 2
12 975541011162 2
12 975541011169 2
12 975541011170 2
12 975541011177 2
12 975541011178 2
12 975541011185 2
12 975541011186 2
12 975541011193 2
12 975541011194 2
12 975541011201 2
12 975541011203 2
12 975541011209 2
12 975541011211 2
12 975541011217 2
12 975541011219 10
12 975541011225 2
12 975541011227 2
12 975541011233 2
12 975541011235 55
12 975541011241 2
12 975541011243 2
12 975541011249 2
12 975541011251 2
12 975541011257 2
12 975541011259 2
12 975541011265 2
12 975541011267 2
12 975541011273 2
12 975541011275 2
12 975541011281 2
12 975541011283 2
12 975541011289 2
12 975541011291 2
12 975541011297 2
12 975541011299 2
12 975541011305 2
12 975541011307 2
12 975541011313 2
12 975541011315 145
12 975541011321 2
12 975541011323 2
12 975541011329 2
12 975541011333 2
12 975541011337 2
12 975541011341 2
12 975541011345 2
12 975541011349 2
12 975541011353 2
12 975541011357 2
12 975541011361 2
12 975541011365 2
12 975541011369 2
12 975541011373 2
12 975541011377 2
12 975541011381 2
12 975541011385 2
12 975541011389 2
12 975541011393 8
12 975541011397 2
12 975541011401 4
12 975541011405 2
12 975541011409 2
12 975541011413 2
12 975541011417 2
12 975541011421 2
12 975541011425 2
12 975541011429 2
12 975541011433 2
12 975541011437 2
12 975541011441 2
12 975541011445 2
12 975541011449 2
12 975541011453 2
12 975541011457 4
12 975541011462 2
12 975541011465 4
12 975541011470 2
12 975541011473 2
12 975541011478 2
12 975541011481 2
12 975541011486 2
12 975541011489 2
12 975541011494 2
12 975541011497 2
12 975541011502 2
12 975541011505 2
12 975541011510 2
12 975541011513 2
12 975541011518 2
12 975541011521 2
12 975541011526 2
12 975541011529 17
12 975541011534 2
12 975541011537 2
12 975541011542 2
12 975541011545 2
12 975541011550 2
12 975541011553 3
12 975541011558 2
12 975541011561 5
12 975541011566 2
12 975541011569 26
12 975541011574 2
12 975541011577 10
12 975541011582 2
12 975541011713 3
12 975541011714 2
12 975541011721 4
12 975541011722 2
12 975541011729 2
12 975541011730 2
12 975541011737 2
12 975541011738 2
12 975541011745 6
12 975541011746 2
12 975541011753 6
12 975541011754 2
12 975541011761 2
12 975541011762 2
12 975541011769 2
12 975541011770 2
12 975541011777 2
12 975541011778 2
12 975541011785 4
12 975541011786 2
12 975541011793 2
12 975541011794 2
12 975541011801 2
12 975541011802 2
12 975541011809 2
12 975541011810 2
12 975541011817 6
12 975541011818 2
12 975541011825 2
12 975541011826 2
12 975541011833 2
12 975541011834 2
12 975541011841 2
12 975541011843 2
12 975541011849 2
12 975541011851 2
12 975541011857 2
12 975541011859 2
12 975541011865 2
12 975541011867 2
12 975541011873 59
12 975541011875 2
12 975541011881 2
12 975541011883 2
12 975541011889 2
12 975541011891 2
12 975541011897 2
12 975541011899 2
12 975541011905 2
12 975541011907 2
12 975541011913 2
12 975541011915 2
12 975541011921 2
12 975541011923 2
12 975541011929 2
12 975541011931 2
12 975541011937 63
12 975541011939 2
12 975541011945 2
12 975541011947 2
12 975541011953 2
12 975541011955 2
12 975541011961 2
12 975541011963 2
14 975541010946 2
14 975541010948 2
14 975541010954 2
14 975541010956 2
14 975541010962 2
14 975541010964 2
14 975541010970 2
14 975541010972 2
14 975541010978 2
14 975541010980 2
14 975541010986 2
14 975541010988 2
14 975541010994 2
14 975541010996 2
14 975541011002 2
14 975541011004 2
14 975541011010 2
14 975541011012 2
14 975541011018 2
14 975541011020 2
14 975541011026 2
14 975541011028 2
14 975541011034 2
14 975541011036 2
14 975541011042 2
14 975541011044 2
14 975541011050 2
14 975541011052 2
14 975541011058 2
14 975541011060 2
14 975541011066 2
14 975541011068 2
14 975541011458 2
14 975541011466 2
14 975541011474 2
14 975541011482 2
14 975541011490 2
14 975541011498 2
14 975541011506 2
14 975541011514 2
14 975541011522 2
14 975541011530 2
14 975541011538 2
14 975541011546 2
14 975541011554 2
14 975541011562 2
14 975541011570 2
14 975541011578 2
15 975541010946 2
15 975541010947 2
15 975541010948 4
15 975541010949 2
15 975541010950 4
15 975541010954 2
15 975541010955 2
15 975541010956 4
15 975541010957 2
15 975541010958 4
15 975541010962 2
15 975541010963 2
15 975541010964 4
15 975541010965 2
15 975541010966 4
15 975541010970 2
15 975541010971 2
15 975541010972 4
15 975541010973 2
15 975541010974 4
15 975541010978 2
15 975541010979 2
15 975541010980 4
15 975541010981 2
15 975541010982 18
15 975541010986 2
15 975541010987 2
15 975541010988 4
15 975541010989 2
15 975541010990 10
15 975541010994 2
15 975541010995 2
15 975541010996 4
15 975541010997 2
15 975541010998 4
15 975541011002 2
15 975541011003 2
15 975541011004 4
15 975541011005 2
15 975541011006 4
15 975541011010 2
15 975541011011 3
15 975541011012 4
15 975541011013 2
15 975541011014 11
15 975541011018 2
15 975541011019 4
15 975541011020 6
15 975541011021 79
15 975541011022 12
15 975541011026 2
15 975541011027 2
15 975541011028 4
15 975541011029 2
15 975541011030 4
15 975541011034 2
15 975541011035 2
15 975541011036 4
15 975541011037 2
15 975541011038 4
15 975541011042 2
15 975541011043 219
15 975541011044 5
15 975541011045 2
15 975541011046 4
15 975541011050 2
15 975541011051 3
15 975541011052 4
15 975541011053 2
15 975541011054 4
15 975541011058 2
15 975541011059 3
15 975541011060 4
15 975541011061 2
15 975541011062 4
15 975541011066 2
15 975541011067 2
15 975541011068 4
15 975541011069 2
15 975541011070 4
15 975541011074 2
15 975541011078 2
15 975541011082 2
15 975541011086 2
15 975541011090 2
15 975541011094 2
15 975541011098 2
15 975541011102 2
15 975541011106 2
15 975541011110 2
15 975541011114 2
15 975541011118 2
15 975541011122 2
15 975541011126 2
15 975541011130 2
15 975541011134 2
15 975541011138 2
15 975541011142 2
15 975541011146 2
15 975541011150 2
15 975541011154 2
15 975541011158 2
15 975541011162 2
15 975541011166 2
15 975541011170 2
15 975541011174 2
15 975541011178 2
15 975541011182 2
15 975541011186 2
15 975541011190 2
15 975541011194 2
15 975541011198 2
15 975541011330 4
15 975541011338 115
15 975541011346 4
15 975541011354 4
15 975541011362 4
15 975541011370 4
15 975541011378 6
15 975541011386 4
15 975541011394 4
15 975541011402 4
15 975541011410 4
15 975541011418 4
15 975541011426 4
15 975541011434 4
15 975541011442 4
15 975541011450 115
15 975541011458 2
15 975541011460 2
15 975541011466 2
15 975541011468 2
15 975541011474 2
15 975541011476 2
15 975541011482 2
15 975541011484 2
15 975541011490 2
15 975541011492 109
15 975541011498 2
15 975541011500 2
15 975541011506 2
15 975541011508 2
15 975541011514 2
15 975541011516 2
15 975541011522 2
15 975541011524 2
15 975541011530 2
15 975541011532 2
15 975541011538 2
15 975541011540 2
15 975541011546 2
15 975541011548 2
15 975541011554 2
15 975541011556 2
15 975541011562 2
15 975541011564 2
15 975541011570 2
15 975541011572 2
15 975541011578 2
15 975541011580 2
15 975541011586 2
15 975541011590 2
15 975541011594 2
15 975541011598 2
15 975541011602 2
15 975541011606 12
15 975541011610 2
15 975541011614 2
15 975541011618 2
15 975541011622 2
15 975541011626 2
15 975541011630 138
15 975541011634 2
15 975541011638 2
15 975541011642 2
15 975541011646 2
15 975541011650 2
15 975541011654 2
15 975541011658 2
15 975541011662 2
15 975541011666 2
15 975541011670 2
15 975541011674 2
15 975541011678 2
15 975541011682 10
15 975541011686 2
15 975541011690 3
15 975541011694 2
15 975541011698 15
15 975541011702 2
15 975541011706 8
15 975541011710 128
15 975541011842 10
15 975541011843 2
15 975541011850 2
15 975541011851 2
15 975541011858 2
15 975541011859 2
15 975541011866 2
15 975541011867 2
15 975541011874 2
15 975541011875 2
15 975541011882 2
15 975541011883 2
15 975541011890 5
15 975541011891 2
15 975541011898 4
15 975541011899 2
15 975541011906 2
15 975541011907 2
15 975541011914 2
15 975541011915 2
15 975541011922 2
15 975541011923 2
15 975541011930 2
15 975541011931 2
15 975541011938 2
15 975541011939 2
15 975541011946 2
15 975541011947 2
15 975541011954 2
15 975541011955 2
15 975541011962 2
15 975541011963 2
15 975541011970 2
15 975541011973 2
15 975541011978 2
15 975541011981 2
15 975541011986 2
15 975541011989 2
15 975541011994 2
15 975541011997 2
15 975541012002 2
15 975541012005 2
15 975541012010 2
15 975541012013 2
15 975541012018 2
15 975541012021 2
15 975541012026 2
15 975541012029 2
15 975541012034 24
15 975541012037 2
15 975541012042 9
15 975541012045 84
15 975541012050 2
15 975541012053 2
15 975541012058 2
15 975541012061 2
15 975541012066 2
15 975541012069 2
15 975541012074 2
15 975541012077 2
15 975541012082 2
15 975541012085 2
15 975541012090 2
15 975541012093 2
15 975541012226 2
15 975541012228 2
15 975541012234 2
15 975541012236 2
15 975541012242 2
15 975541012244 2
15 975541012250 2
15 975541012252 2
15 975541012258 2
15 975541012260 2
15 975541012266 2
15 975541012268 2
15 975541012274 2
15 975541012276 2
15 975541012282 2
15 975541012284 2
15 975541012290 2
15 975541012292 2
15 975541012298 2
15 975541012300 2
15 975541012306 2
15 975541012308 2
15 975541012314 2
15 975541012316 2
15 975541012322 2
15 975541012324 2
15 975541012330 2
15 975541012332 2
15 975541012338 2
15 975541012340 2
15 975541012346 2
15 975541012348 2
16 975541011074 2
16 975541011082 2
16 975541011090 2
16 975541011098 2
16 975541011106 2
16 975541011114 2
16 975541011122 2
16 975541011130 2
16 975541011138 2
16 975541011146 2
16 975541011154 2
16 975541011162 2
16 975541011170 2
16 975541011178 2
16 975541011186 2
16 975541011194 2
18 975541011077 6
18 975541011078 2
18 975541011079 6
18 975541011085 6
18 975541011086 2
18 975541011087 6
18 975541011093 6
18 975541011094 2
18 975541011095 6
18 975541011101 6
18 975541011102 2
18 975541011103 6
18 975541011109 6
18 975541011110 2
18 975541011111 6
18 975541011117 6
18 975541011118 2
18 975541011119 6
18 975541011125 6
18 975541011126 2
18 975541011127 6
18 975541011133 6
18 975541011134 2
18 975541011135 6
18 975541011141 6
18 975541011142 2
18 975541011143 6
18 975541011149 6
18 975541011150 2
18 975541011151 6
18 975541011157 6
18 975541011158 2
18 975541011159 6
18 975541011165 6
18 975541011166 2
18 975541011167 6
18 975541011173 6
18 975541011174 2
18 975541011175 10
18 975541011181 6
18 975541011182 2
18 975541011183 6
18 975541011189 6
18 975541011190 2
18 975541011191 6
18 975541011197 6
18 975541011198 2
18 975541011199 6
18 975541011202 2
18 975541011205 2
18 975541011210 2
18 975541011213 2
18 975541011218 2
18 975541011221 2
18 975541011226 2
18 975541011229 2
18 975541011234 2
18 975541011237 2
18 975541011242 2
18 975541011245 2
18 975541011250 2
18 975541011253 2
18 975541011258 2
18 975541011261 2
18 975541011266 2
18 975541011269 2
18 975541011274 2
18 975541011277 2
18 975541011282 2
18 975541011285 2
18 975541011290 2
18 975541011293 2
18 975541011298 2
18 975541011301 2
18 975541011306 2
18 975541011309 2
18 975541011314 2
18 975541011317 2
18 975541011322 2
18 975541011325 2
18 975541011330 2
18 975541011335 2
18 975541011338 2
18 975541011343 2
18 975541011346 2
18 975541011351 2
18 975541011354 2
18 975541011359 2
18 975541011362 2
18 975541011367 2
18 975541011370 2
18 975541011375 2
18 975541011378 2
18 975541011383 2
18 975541011386 2
18 975541011391 2
18 975541011394 2
18 975541011399 2
18 975541011402 2
18 975541011407 2
18 975541011410 2
18 975541011415 2
18 975541011418 2
18 975541011423 2
18 975541011426 2
18 975541011431 2
18 975541011434 2
18 975541011439 2
18 975541011442 2
18 975541011447 2
18 975541011450 2
18 975541011455 2
18 975541011586 2
18 975541011589 2
18 975541011594 2
18 975541011597 2
18 975541011602 2
18 975541011605 2
18 975541011610 2
18 975541011613 2
18 975541011618 2
18 975541011621 2
18 975541011626 2
18 975541011629 2
18 975541011634 2
18 975541011637 2
18 975541011642 2
18 975541011645 2
18 975541011650 2
18 975541011653 2
18 975541011658 2
18 975541011661 2
18 975541011666 2
18 975541011669 2
18 975541011674 2
18 975541011677 2
18 975541011682 2
18 975541011685 2
18 975541011690 2
18 975541011693 2
18 975541011698 2
18 975541011701 2
18 975541011706 2
18 975541011709 2
18 975541011714 2
18 975541011719 2
18 975541011722 2
18 975541011727 2
18 975541011730 2
18 975541011735 2
18 975541011738 2
18 975541011743 2
18 975541011746 2
18 975541011751 2
18 975541011754 2
18 975541011759 2
18 975541011762 2
18 975541011767 2
18 975541011770 2
18 975541011775 2
18 975541011778 2
18 975541011783 2
18 975541011786 2
18 975541011791 2
18 975541011794 2
18 975541011799 2
18 975541011802 2
18 975541011807 2
18 975541011810 2
18 975541011815 2
18 975541011818 2
18 975541011823 2
18 975541011826 2
18 975541011831 32
18 975541011834 2
18 975541011839 2
18 975541011970 2
18 975541011973 2
18 975541011978 2
18 975541011981 2
18 975541011986 2
18 975541011989 2
18 975541011994 2
18 975541011997 2
18 975541012002 2
18 975541012005 2
18 975541012010 2
18 975541012013 2
18 975541012018 2
18 975541012021 2
18 975541012026 2
18 975541012029 2
18 975541012034 2
18 975541012037 2
18 975541012042 2
18 975541012045 2
18 975541012050 2
18 975541012053 2
18 975541012058 2
18 975541012061 2
18 975541012066 2
18 975541012069 2
18 975541012074 106
18 975541012077 2
18 975541012082 2
18 975541012085 2
18 975541012090 2
18 975541012093 2
18 975541012098 2
18 975541012103 2
18 975541012106 2
18 975541012111 2
18 975541012114 2
18 975541012119 2
18 975541012122 174
18 975541012127 2
18 975541012130 2
18 975541012135 2
18 975541012138 29
18 975541012143 2
18 975541012146 2
18 975541012151 2
18 975541012154 2
18 975541012159 2
18 975541012162 2
18 975541012167 2
18 975541012170 2
18 975541012175 2
18 975541012178 2
18 975541012183 2
18 975541012186 2
18 975541012191 2
18 975541012194 2
18 975541012199 2
18 975541012202 2
18 975541012207 2
18 975541012210 2
18 975541012215 2
18 975541012218 2
18 975541012223 2
18 975541012354 2
18 975541012358 2
18 975541012362 2
18 975541012366 2
18 975541012370 2
18 975541012374 2
18 975541012378 2
18 975541012382 2
18 975541012386 2
18 975541012390 2
18 975541012394 2
18 975541012398 2
18 975541012402 2
18 975541012406 2
18 975541012410 2
18 975541012414 2
18 975541012418 2
18 975541012422 2
18 975541012426 2
18 975541012430 2
18 975541012434 2
18 975541012438 2
18 975541012442 2
18 975541012446 2
18 975541012450 2
18 975541012454 2
18 975541012458 2
18 975541012462 2
18 975541012466 2
18 975541012470 2
18 975541012474 2
18 975541012478 2
21 975541011204 4
21 975541011205 4
21 975541011207 4
21 975541011212 18
21 975541011213 4
21 975541011215 4
21 975541011220 4
21 975541011221 4
21 975541011223 4
21 975541011228 4
21 975541011229 4
21 975541011231 9
21 975541011236 4
21 975541011237 4
21 975541011239 34
21 975541011244 4
21 975541011245 4
21 975541011247 4
21 975541011252 4
21 975541011253 4
21 975541011255 262
21 975541011260 4
21 975541011261 73
21 975541011263 6
21 975541011268 6
21 975541011269 4
21 975541011271 4
21 975541011276 15
21 975541011277 4
21 975541011279 4
21 975541011284 14
21 975541011285 4
21 975541011287 215
21 975541011292 13
21 975541011293 4
21 975541011295 4
21 975541011300 10
21 975541011301 4
21 975541011303 4
21 975541011308 4
21 975541011309 4
21 975541011311 4
21 975541011316 10
21 975541011317 4
21 975541011319 4
21 975541011324 44
21 975541011325 4
21 975541011327 4
21 975541011331 2
21 975541011332 2
21 975541011339 2
21 975541011340 2
21 975541011347 2
21 975541011348 2
21 975541011355 2
21 975541011356 2
21 975541011363 2
21 975541011364 2
21 975541011371 2
21 975541011372 2
21 975541011379 2
21 975541011380 2
21 975541011387 2
21 975541011388 2
21 975541011395 2
21 975541011396 2
21 975541011403 2
21 975541011404 2
21 975541011411 2
21 975541011412 2
21 975541011419 2
21 975541011420 2
21 975541011427 2
21 975541011428 2
21 975541011435 2
21 975541011436 2
21 975541011443 2
21 975541011444 2
21 975541011451 2
21 975541011452 2
21 975541011459 2
21 975541011463 2
21 975541011467 2
21 975541011471 2
21 975541011475 2
21 975541011479 2
21 975541011483 2
21 975541011487 2
21 975541011491 2
21 975541011495 2
21 975541011499 2
21 975541011503 2
21 975541011507 18
21 975541011511 2
21 975541011515 39
21 975541011519 2
21 975541011523 2
21 975541011527 2
21 975541011531 2
21 975541011535 2
21 975541011539 2
21 975541011543 2
21 975541011547 2
21 975541011551 2
21 975541011555 4
21 975541011559 2
21 975541011563 8
21 975541011567 2
21 975541011571 2
21 975541011575 2
21 975541011579 2
21 975541011583 2
21 975541011715 2
21 975541011717 2
21 975541011723 2
21 975541011725 2
21 975541011731 2
21 975541011733 2
21 975541011739 2
21 975541011741 2
21 975541011747 2
21 975541011749 2
21 975541011755 2
21 975541011757 2
21 975541011763 21
21 975541011765 2
21 975541011771 2
21 975541011773 2
21 975541011779 15
21 975541011781 2
21 975541011787 2
21 975541011789 2
21 975541011795 2
21 975541011797 2
21 975541011803 2
21 975541011805 2
21 975541011811 2
21 975541011813 2
21 975541011819 2
21 975541011821 2
21 975541011827 4
21 975541011829 2
21 975541011835 3
21 975541011837 2
21 975541011971 2
21 975541011972 2
21 975541011979 2
21 975541011980 2
21 975541011987 18
21 975541011988 2
21 975541011995 4
21 975541011996 2
21 975541012003 2
21 975541012004 2
21 975541012011 2
21 975541012012 2
21 975541012019 2
21 975541012020 2
21 975541012027 2
21 975541012028 2
21 975541012035 2
21 975541012036 2
21 975541012043 2
21 975541012044 2
21 975541012051 2
21 975541012052 2
21 975541012059 4
21 975541012060 2
21 975541012067 2
21 975541012068 2
21 975541012075 2
21 975541012076 2
21 975541012083 2
21 975541012084 2
21 975541012091 2
21 975541012092 2
21 975541012099 2
21 975541012103 2
21 975541012107 2
21 975541012111 2
21 975541012115 2
21 975541012119 2
21 975541012123 2
21 975541012127 2
21 975541012131 2
21 975541012135 2
21 975541012139 2
21 975541012143 2
21 975541012147 2
21 975541012151 2
21 975541012155 2
21 975541012159 2
21 975541012163 2
21 975541012167 2
21 975541012171 2
21 975541012175 2
21 975541012179 2
21 975541012183 2
21 975541012187 2
21 975541012191 2
21 975541012195 2
21 975541012199 2
21 975541012203 2
21 975541012207 2
21 975541012211 2
21 975541012215 2
21 975541012219 2
21 975541012223 2
21 975541012355 2
21 975541012357 2
21 975541012363 2
21 975541012365 2
21 975541012371 2
21 975541012373 2
21 975541012379 2
21 975541012381 2
21 975541012387 2
21 975541012389 2
21 975541012395 2
21 975541012397 2
21 975541012403 2
21 975541012405 2
21 975541012411 2
21 975541012413 2
21 975541012419 2
21 975541012421 2
21 975541012427 2
21 975541012429 2
21 975541012435 2
21 975541012437 2
21 975541012443 2
21 975541012445 2
21 975541012451 2
21 975541012453 2
21 975541012459 2
21 975541012461 2
21 975541012467 2
21 975541012469 2
21 975541012475 2
21 975541012477 2
24 975541011332 4
24 975541011334 4
24 975541011335 4
24 975541011340 4
24 975541011342 13
24 975541011343 4
24 975541011348 4
24 975541011350 2
24 975541011351 4
24 975541011356 4
24 975541011358 3
24 975541011359 4
24 975541011364 4
24 975541011366 2
24 975541011367 4
24 975541011372 4
24 975541011374 2
24 975541011375 4
24 975541011380 4
24 975541011382 2
24 975541011383 4
24 975541011388 4
24 975541011390 2
24 975541011391 4
24 975541011396 4
24 975541011398 2
24 975541011399 4
24 975541011404 4
24 975541011406 2
24 975541011407 4
24 975541011412 4
24 975541011414 2
24 975541011415 116
24 975541011420 4
24 975541011422 2
24 975541011423 4
24 975541011428 4
24 975541011430 2
24 975541011431 4
24 975541011436 4
24 975541011438 2
24 975541011439 4
24 975541011444 4
24 975541011446 2
24 975541011447 4
24 975541011452 4
24 975541011454 2
24 975541011455 4
24 975541011459 2
24 975541011460 2
24 975541011467 2
24 975541011468 2
24 975541011475 2
24 975541011476 2
24 975541011483 2
24 975541011484 2
24 975541011491 2
24 975541011492 2
24 975541011499 2
24 975541011500 2
24 975541011507 2
24 975541011508 2
24 975541011515 2
24 975541011516 2
24 975541011523 2
24 975541011524 2
24 975541011531 2
24 975541011532 2
24 975541011539 2
24 975541011540 2
24 975541011547 2
24 975541011548 2
24 975541011555 2
24 975541011556 2
24 975541011563 2
24 975541011564 42
24 975541011571 2
24 975541011572 2
24 975541011579 2
24 975541011580 2
24 975541011715 2
24 975541011716 2
24 975541011723 2
24 975541011724 2
24 975541011731 2
24 975541011732 2
24 975541011739 2
24 975541011740 2
24 975541011747 2
24 975541011748 2
24 975541011755 2
24 975541011756 2
24 975541011763 2
24 975541011764 2
24 975541011771 2
24 975541011772 2
24 975541011779 2
24 975541011780 2
24 975541011787 2
24 975541011788 2
24 975541011795 2
24 975541011796 2
24 975541011803 2
24 975541011804 2
24 975541011811 2
24 975541011812 2
24 975541011819 2
24 975541011820 65
24 975541011827 2
24 975541011828 2
24 975541011835 2
24 975541011836 2
24 975541011843 2
24 975541011847 2
24 975541011851 2
24 975541011855 2
24 975541011859 2
24 975541011863 2
24 975541011867 2
24 975541011871 2
24 975541011875 2
24 975541011879 2
24 975541011883 2
24 975541011887 2
24 975541011891 2
24 975541011895 2
24 975541011899 2
24 975541011903 2
24 975541011907 2
24 975541011911 2
24 975541011915 2
24 975541011919 2
24 975541011923 2
24 975541011927 2
24 975541011931 2
24 975541011935 2
24 975541011939 2
24 975541011943 2
24 975541011947 2
24 975541011951 2
24 975541011955 2
24 975541011959 2
24 975541011963 2
24 975541011967 2
24 975541012099 2
24 975541012103 2
24 975541012107 2
24 975541012111 2
24 975541012115 2
24 975541012119 2
24 975541012123 2
24 975541012127 2
24 975541012131 2
24 975541012135 2
24 975541012139 2
24 975541012143 2
24 975541012147 2
24 975541012151 2
24 975541012155 2
24 975541012159 2
24 975541012163 2
24 975541012167 2
24 975541012171 2
24 975541012175 2
24 975541012179 2
24 975541012183 2
24 975541012187 2
24 975541012191 2
24 975541012195 187
24 975541012199 2
24 975541012203 2
24 975541012207 2
24 975541012211 2
24 975541012215 2
24 975541012219 2
24 975541012223 2
24 975541012355 3
24 975541012358 2
24 975541012363 2
24 975541012366 2
24 975541012371 2
24 975541012374 2
24 975541012379 2
24 975541012382 2
24 975541012387 2
24 975541012390 2
24 975541012395 2
24 975541012398 2
24 975541012403 2
24 975541012406 2
24 975541012411 26
24 975541012414 2
24 975541012419 2
24 975541012422 2
24 975541012427 99
24 975541012430 2
24 975541012435 2
24 975541012438 2
24 975541012443 2
24 975541012446 2
24 975541012451 2
24 975541012454 2
24 975541012459 2
24 975541012462 2
24 975541012467 2
24 975541012470 2
24 975541012475 2
24 975541012478 2
27 975541011462 2
27 975541011463 4
27 975541011470 2
27 975541011471 4
27 975541011478 2
27 975541011479 4
27 975541011486 2
27 975541011487 4
27 975541011494 2
27 975541011495 4
27 975541011502 2
27 975541011503 4
27 975541011510 2
27 975541011511 93
27 975541011518 2
27 975541011519 4
27 975541011526 2
27 975541011527 4
27 975541011534 2
27 975541011535 4
27 975541011542 2
27 975541011543 4
27 975541011550 2
27 975541011551 11
27 975541011558 2
27 975541011559 4
27 975541011566 2
27 975541011567 77
27 975541011574 2
27 975541011575 4
27 975541011582 2
27 975541011583 4
27 975541011588 2
27 975541011590 2
27 975541011596 2
27 975541011598 2
27 975541011604 2
27 975541011606 2
27 975541011612 2
27 975541011614 2
27 975541011620 2
27 975541011622 2
27 975541011628 2
27 975541011630 2
27 975541011636 2
27 975541011638 2
27 975541011644 2
27 975541011646 2
27 975541011652 2
27 975541011654 2
27 975541011660 2
27 975541011662 2
27 975541011668 2
27 975541011670 2
27 975541011676 2
27 975541011678 2
27 975541011684 2
27 975541011686 2
27 975541011692 2
27 975541011694 2
27 975541011700 2
27 975541011702 2
27 975541011708 2
27 975541011710 2
27 975541011844 2
27 975541011847 2
27 975541011852 2
27 975541011855 2
27 975541011860 2
27 975541011863 2
27 975541011868 2
27 975541011871 2
27 975541011876 2
27 975541011879 2
27 975541011884 2
27 975541011887 2
27 975541011892 2
27 975541011895 2
27 975541011900 2
27 975541011903 2
27 975541011908 2
27 975541011911 2
27 975541011916 2
27 975541011919 2
27 975541011924 220
27 975541011927 2
27 975541011932 2
27 975541011935 2
27 975541011940 2
27 975541011943 2
27 975541011948 2
27 975541011951 2
27 975541011956 2
27 975541011959 2
27 975541011964 2
27 975541011967 2
27 975541012100 2
27 975541012103 2
27 975541012108 2
27 975541012111 2
27 975541012116 2
27 975541012119 2
27 975541012124 2
27 975541012127 2
27 975541012132 2
27 975541012135 2
27 975541012140 2
27 975541012143 2
27 975541012148 5
27 975541012151 2
27 975541012156 2
27 975541012159 2
27 975541012164 2
27 975541012167 2
27 975541012172 2
27 975541012175 2
27 975541012180 53
27 975541012183 2
27 975541012188 2
27 975541012191 2
27 975541012196 2
27 975541012199 2
27 975541012204 2
27 975541012207 2
27 975541012212 2
27 975541012215 2
27 975541012220 2
27 975541012223 2
28 975541011588 2
28 975541011596 2
28 975541011604 2
28 975541011612 2
28 975541011620 2
28 975541011628 2
28 975541011636 2
28 975541011644 2
28 975541011652 2
28 975541011660 2
28 975541011668 2
28 975541011676 2
28 975541011684 2
28 975541011692 2
28 975541011700 2
28 975541011708 2
30 975541011590 2
30 975541011591 2
30 975541011598 2
30 975541011599 2
30 975541011606 2
30 975541011607 2
30 975541011614 2
30 975541011615 2
30 975541011622 2
30 975541011623 2
30 975541011630 2
30 975541011631 2
30 975541011638 2
30 975541011639 2
30 975541011646 2
30 975541011647 2
30 975541011654 2
30 975541011655 2
30 975541011662 2
30 975541011663 2
30 975541011670 2
30 975541011671 2
30 975541011678 2
30 975541011679 2
30 975541011686 2
30 975541011687 2
30 975541011694 2
30 975541011695 2
30 975541011702 2
30 975541011703 2
30 975541011710 2
30 975541011711 2
30 975541011844 2
30 975541011846 2
30 975541011852 2
30 975541011854 2
30 975541011860 2
30 975541011862 2
30 975541011868 2
30 975541011870 2
30 975541011876 2
30 975541011878 2
30 975541011884 2
30 975541011886 2
30 975541011892 2
30 975541011894 2
30 975541011900 2
30 975541011902 2
30 975541011908 2
30 975541011910 2
30 975541011916 2
30 975541011918 2
30 975541011924 2
30 975541011926 2
30 975541011932 2
30 975541011934 2
30 975541011940 2
30 975541011942 2
30 975541011948 2
30 975541011950 2
30 975541011956 2
30 975541011958 2
30 975541011964 2
30 975541011966 2
30 975541012100 2
30 975541012103 2
30 975541012108 2
30 975541012111 2
30 975541012116 2
30 975541012119 2
30 975541012124 2
30 975541012127 2
30 975541012132 2
30 975541012135 2
30 975541012140 2
30 975541012143 2
30 975541012148 2
30 975541012151 2
30 975541012156 2
30 975541012159 2
30 975541012164 2
30 975541012167 2
30 975541012172 2
30 975541012175 2
30 975541012180 2
30 975541012183 2
30 975541012188 2
30 975541012191 2
30 975541012196 2
30 975541012199 2
30 975541012204 2
30 975541012207 2
30 975541012212 2
30 975541012215 2
30 975541012220 2
30 975541012223 2
32 975541011717 2
32 975541011718 2
32 975541011725 2
32 975541011726 2
32 975541011733 2
32 975541011734 2
32 975541011741 2
32 975541011742 2
32 975541011749 2
32 975541011750 2
32 975541011757 2
32 975541011758 2
32 975541011765 2
32 975541011766 2
32 975541011773 2
32 975541011774 2
32 975541011781 2
32 975541011782 2
32 975541011789 2
32 975541011790 2
32 975541011797 2
32 975541011798 2
32 975541011805 2
32 975541011806 2
32 975541011813 2
32 975541011814 2
32 975541011821 2
32 975541011822 2
32 975541011829 2
32 975541011830 2
32 975541011837 2
32 975541011838 2
32 975541011973 2
32 975541011981 2
32 975541011989 2
32 975541011997 2
32 975541012005 2
32 975541012013 2
32 975541012021 2
32 975541012029 2
32 975541012037 2
32 975541012045 2
32 975541012053 2
32 975541012061 2
32 975541012069 2
32 975541012077 2
32 975541012085 2
32 975541012093 2
33 975541011718 2
33 975541011726 2
33 975541011734 2
33 975541011742 2
33 975541011750 2
33 975541011758 2
33 975541011766 2
33 975541011774 2
33 975541011782 2
33 975541011790 2
33 975541011798 2
33 975541011806 2
33 975541011814 2
33 975541011822 2
33 975541011830 2
33 975541011838 2
33 975541012101 2
33 975541012102 2
33 975541012109 2
33 975541012110 2
33 975541012117 2
33 975541012118 2
33 975541012125 2
33 975541012126 2
33 975541012133 2
33 975541012134 2
33 975541012141 2
33 975541012142 2
33 975541012149 2
33 975541012150 2
33 975541012157 2
33 975541012158 2
33 975541012165 2
33 975541012166 2
33 975541012173 2
33 975541012174 2
33 975541012181 2
33 975541012182 2
33 975541012189 2
33 975541012190 2
33 975541012197 2
33 975541012198 2
33 975541012205 2
33 975541012206 2
33 975541012213 2
33 975541012214 2
33 975541012221 2
33 975541012222 2
35 975541011845 2
35 975541011846 2
35 975541011853 2
35 975541011854 2
35 975541011861 2
35 975541011862 2
35 975541011869 2
35 975541011870 2
35 975541011877 2
35 975541011878 2
35 975541011885 2
35 975541011886 2
35 975541011893 2
35 975541011894 2
35 975541011901 2
35 975541011902 2
35 975541011909 2
35 975541011910 2
35 975541011917 2
35 975541011918 2
35 975541011925 2
35 975541011926 2
35 975541011933 2
35 975541011934 2
35 975541011941 2
35 975541011942 2
35 975541011949 2
35 975541011950 2
35 975541011957 2
35 975541011958 2
35 975541011965 2
35 975541011966 2
35 975541011973 2
35 975541011981 2
35 975541011989 2
35 975541011997 2
35 975541012005 2
35 975541012013 2
35 975541012021 2
35 975541012029 2
35 975541012037 2
35 975541012045 2
35 975541012053 2
35 975541012061 2
35 975541012069 2
35 975541012077 2
35 975541012085 2
35 975541012093 2
36 975541011847 2
36 975541011855 2
36 975541011863 2
36 975541011871 2
36 975541011879 2
36 975541011887 2
36 975541011895 2
36 975541011903 2
36 975541011911 2
36 975541011919 2
36 975541011927 2
36 975541011935 2
36 975541011943 2
36 975541011951 2
36 975541011959 2
36 975541011967 2
36 975541012229 2
36 975541012231 2
36 975541012237 2
36 975541012239 2
36 975541012245 2
36 975541012247 2
36 975541012253 2
36 975541012255 2
36 975541012261 2
36 975541012263 2
36 975541012269 2
36 975541012271 2
36 975541012277 2
36 975541012279 2
36 975541012285 2
36 975541012287 2
36 975541012293 2
36 975541012295 2
36 975541012301 2
36 975541012303 2
36 975541012309 2
36 975541012311 2
36 975541012317 2
36 975541012319 2
36 975541012325 2
36 975541012327 2
36 975541012333 2
36 975541012335 2
36 975541012341 2
36 975541012343 2
36 975541012349 2
36 975541012351 2
39 975541011974 2
39 975541011982 2
39 975541011990 2
39 975541011998 2
39 975541012006 2
39 975541012014 2
39 975541012022 2
39 975541012030 2
39 975541012038 2
39 975541012046 2
39 975541012054 2
39 975541012062 2
39 975541012070 2
39 975541012078 2
39 975541012086 2
39 975541012094 2
39 975541012358 4
39 975541012366 4
39 975541012374 4
39 975541012382 4
39 975541012390 4
39 975541012398 4
39 975541012406 4
39 975541012414 4
39 975541012422 4
39 975541012430 4
39 975541012438 4
39 975541012446 4
39 975541012454 4
39 975541012462 4
39 975541012470 4
39 975541012478 4
