2 975541010432 2
2 975541010433 2
2 975541010440 2
2 975541010441 2
2 975541010448 2
2 975541010449 2
2 975541010456 2
2 975541010457 2
2 975541010464 2
2 975541010465 2
2 975541010472 2
2 975541010473 2
2 975541010480 2
2 975541010481 2
2 975541010488 2
2 975541010489 2
2 975541010496 2
2 975541010497 2
2 975541010504 2
2 975541010505 2
2 975541010512 2
2 975541010513 2
2 975541010520 2
2 975541010521 2
2 975541010528 2
2 975541010529 2
2 975541010536 2
2 975541010537 2
2 975541010544 2
2 975541010545 2
2 975541010552 2
2 975541010553 2
2 975541010688 2
2 975541010696 2
2 975541010704 2
2 975541010712 2
2 975541010720 2
2 975541010728 2
2 975541010736 2
2 975541010744 2
2 975541010752 2
2 975541010760 2
2 975541010768 2
2 975541010776 2
2 975541010784 2
2 975541010792 2
2 975541010800 2
2 975541010808 2
3 975541010433 16
3 975541010436 10
3 975541010438 2
3 975541010441 16
3 975541010444 10
3 975541010446 2
3 975541010449 16
3 975541010452 10
3 975541010454 2
3 975541010457 16
3 975541010460 10
3 975541010462 2
3 975541010465 16
3 975541010468 10
3 975541010470 2
3 975541010473 16
3 975541010476 10
3 975541010478 2
3 975541010481 16
3 975541010484 10
3 975541010486 2
3 975541010489 16
3 975541010492 10
3 975541010494 2
3 975541010497 16
3 975541010500 10
3 975541010502 2
3 975541010505 16
3 975541010508 10
3 975541010510 2
3 975541010513 16
3 975541010516 10
3 975541010518 2
3 975541010521 16
3 975541010524 10
3 975541010526 2
3 975541010529 16
3 975541010532 10
3 975541010534 2
3 975541010537 16
3 975541010540 10
3 975541010542 2
3 975541010545 16
3 975541010548 10
3 975541010550 2
3 975541010553 16
3 975541010556 10
3 975541010558 2
3 975541010560 2
3 975541010561 2
3 975541010568 2
3 975541010569 2
3 975541010576 2
3 975541010577 2
3 975541010584 2
3 975541010585 2
3 975541010592 2
3 975541010593 2
3 975541010600 2
3 975541010601 2
3 975541010608 2
3 975541010609 2
3 975541010616 2
3 975541010617 2
3 975541010624 2
3 975541010625 2
3 975541010632 2
3 975541010633 2
3 975541010640 2
3 975541010641 2
3 975541010648 2
3 975541010649 2
3 975541010656 2
3 975541010657 2
3 975541010664 2
3 975541010665 2
3 975541010672 2
3 975541010673 2
3 975541010680 2
3 975541010681 2
3 975541010688 2
3 975541010689 2
3 975541010696 2
3 975541010697 2
3 975541010704 2
3 975541010705 2
3 975541010712 2
3 975541010713 2
3 975541010720 2
3 975541010721 2
3 975541010728 2
3 975541010729 2
3 975541010736 2
3 975541010737 2
3 975541010744 2
3 975541010745 2
3 975541010752 2
3 975541010753 2
3 975541010760 2
3 975541010761 2
3 975541010768 2
3 975541010769 2
3 975541010776 2
3 975541010777 2
3 975541010784 2
3 975541010785 2
3 975541010792 2
3 975541010793 2
3 975541010800 2
3 975541010801 2
3 975541010808 2
3 975541010809 2
3 975541010816 2
3 975541010817 2
3 975541010824 2
3 975541010825 2
3 975541010832 2
3 975541010833 2
3 975541010840 2
3 975541010841 2
3 975541010848 2
3 975541010849 2
3 975541010856 2
3 975541010857 2
3 975541010864 2
3 975541010865 2
3 975541010872 2
3 975541010873 2
3 975541010880 2
3 975541010881 2
3 975541010888 2
3 975541010889 2
3 975541010896 2
3 975541010897 2
3 975541010904 2
3 975541010905 2
3 975541010912 2
3 975541010913 2
3 975541010920 2
3 975541010921 2
3 975541010928 2
3 975541010929 2
3 975541010936 2
3 975541010937 2
3 975541010944 2
3 975541010945 2
3 975541010952 2
3 975541010953 2
3 975541010960 2
3 975541010961 2
3 975541010968 2
3 975541010969 2
3 975541010976 2
3 975541010977 2
3 975541010984 2
3 975541010985 2
3 975541010992 2
3 975541010993 2
3 975541011000 2
3 975541011001 2
3 975541011008 2
3 975541011009 2
3 975541011016 2
3 975541011017 2
3 975541011024 2
3 975541011025 2
3 975541011032 2
3 975541011033 2
3 975541011040 2
3 975541011041 2
3 975541011048 2
3 975541011049 2
3 975541011056 2
3 975541011057 2
3 975541011064 2
3 975541011065 2
3 975541011072 2
3 975541011073 2
3 975541011080 2
3 975541011081 2
3 975541011088 2
3 975541011089 2
3 975541011096 2
3 975541011097 2
3 975541011104 2
3 975541011105 2
3 975541011112 2
3 975541011113 2
3 975541011120 2
3 975541011121 2
3 975541011128 2
3 975541011129 2
3 975541011136 2
3 975541011137 2
3 975541011144 2
3 975541011145 2
3 975541011152 2
3 975541011153 2
3 975541011160 2
3 975541011161 2
3 975541011168 2
3 975541011169 2
3 975541011176 2
3 975541011177 2
3 975541011184 2
3 975541011185 2
3 975541011192 2
3 975541011193 2
3 975541011200 2
3 975541011201 2
3 975541011208 2
3 975541011209 2
3 975541011216 2
3 975541011217 2
3 975541011224 2
3 975541011225 2
3 975541011232 2
3 975541011233 2
3 975541011240 2
3 975541011241 2
3 975541011248 2
3 975541011249 2
3 975541011256 2
3 975541011257 2
3 975541011264 2
3 975541011265 2
3 975541011272 2
3 975541011273 2
3 975541011280 2
3 975541011281 2
3 975541011288 2
3 975541011289 2
3 975541011296 2
3 975541011297 2
3 975541011304 2
3 975541011305 2
3 975541011312 2
3 975541011313 2
3 975541011320 2
3 975541011321 2
3 975541011328 2
3 975541011332 2
3 975541011336 2
3 975541011340 2
3 975541011344 2
3 975541011348 2
3 975541011352 2
3 975541011356 2
3 975541011360 2
3 975541011364 2
3 975541011368 2
3 975541011372 2
3 975541011376 2
3 975541011380 2
3 975541011384 2
3 975541011388 2
3 975541011392 2
3 975541011396 2
3 975541011400 2
3 975541011404 2
3 975541011408 2
3 975541011412 2
3 975541011416 2
3 975541011420 2
3 975541011424 2
3 975541011428 2
3 975541011432 2
3 975541011436 2
3 975541011440 2
3 975541011444 2
3 975541011448 2
3 975541011452 2
3 975541011456 2
3 975541011460 2
3 975541011464 2
3 975541011468 2
3 975541011472 2
3 975541011476 2
3 975541011480 2
3 975541011484 2
3 975541011488 2
3 975541011492 2
3 975541011496 2
3 975541011500 2
3 975541011504 2
3 975541011508 2
3 975541011512 2
3 975541011516 2
3 975541011520 2
3 975541011524 2
3 975541011528 2
3 975541011532 2
3 975541011536 2
3 975541011540 2
3 975541011544 2
3 975541011548 2
3 975541011552 2
3 975541011556 2
3 975541011560 2
3 975541011564 2
3 975541011568 2
3 975541011572 2
3 975541011576 2
3 975541011580 2
3 975541011584 2
3 975541011588 2
3 975541011592 2
3 975541011596 2
3 975541011600 2
3 975541011604 2
3 975541011608 2
3 975541011612 2
3 975541011616 2
3 975541011620 2
3 975541011624 2
3 975541011628 2
3 975541011632 2
3 975541011636 2
3 975541011640 2
3 975541011644 2
3 975541011648 2
3 975541011652 2
3 975541011656 2
3 975541011660 2
3 975541011664 2
3 975541011668 2
3 975541011672 2
3 975541011676 2
3 975541011680 2
3 975541011684 2
3 975541011688 2
3 975541011692 2
3 975541011696 2
3 975541011700 2
3 975541011704 2
3 975541011708 2
3 975541011712 6
3 975541011713 2
3 975541011716 2
3 975541011718 2
3 975541011720 6
3 975541011721 2
3 975541011724 2
3 975541011726 2
3 975541011728 6
3 975541011729 2
3 975541011732 2
3 975541011734 2
3 975541011736 6
3 975541011737 2
3 975541011740 2
3 975541011742 2
3 975541011744 6
3 975541011745 2
3 975541011748 2
3 975541011750 2
3 975541011752 6
3 975541011753 2
3 975541011756 2
3 975541011758 2
3 975541011760 6
3 975541011761 2
3 975541011764 2
3 975541011766 2
3 975541011768 6
3 975541011769 2
3 975541011772 2
3 975541011774 2
3 975541011776 6
3 975541011777 2
3 975541011780 2
3 975541011782 2
3 975541011784 6
3 975541011785 2
3 975541011788 2
3 975541011790 2
3 975541011792 6
3 975541011793 2
3 975541011796 2
3 975541011798 2
3 975541011800 6
3 975541011801 2
3 975541011804 2
3 975541011806 2
3 975541011808 6
3 975541011809 2
3 975541011812 2
3 975541011814 2
3 975541011816 6
3 975541011817 2
3 975541011820 2
3 975541011822 2
3 975541011824 6
3 975541011825 2
3 975541011828 2
3 975541011830 2
3 975541011832 6
3 975541011833 2
3 975541011836 2
3 975541011838 2
3 975541012096 2
3 975541012097 2
3 975541012104 2
3 975541012105 2
3 975541012112 2
3 975541012113 2
3 975541012120 2
3 975541012121 2
3 975541012128 2
3 975541012129 2
3 975541012136 2
3 975541012137 2
3 975541012144 2
3 975541012145 2
3 975541012152 2
3 975541012153 2
3 975541012160 2
3 975541012161 2
3 975541012168 2
3 975541012169 2
3 975541012176 2
3 975541012177 2
3 975541012184 2
3 975541012185 2
3 975541012192 2
3 975541012193 2
3 975541012200 2
3 975541012201 2
3 975541012208 2
3 975541012209 2
3 975541012216 2
3 975541012217 2
3 975541012224 2
3 975541012228 2
3 975541012232 2
3 975541012236 2
3 975541012240 2
3 975541012244 2
3 975541012248 2
3 975541012252 2
3 975541012256 2
3 975541012260 2
3 975541012264 2
3 975541012268 2
3 975541012272 2
3 975541012276 2
3 975541012280 2
3 975541012284 2
3 975541012288 2
3 975541012292 2
3 975541012296 2
3 975541012300 2
3 975541012304 2
3 975541012308 2
3 975541012312 2
3 975541012316 2
3 975541012320 2
3 975541012324 2
3 975541012328 2
3 975541012332 2
3 975541012336 2
3 975541012340 2
3 975541012344 2
3 975541012348 2
5 975541010560 2
5 975541010563 2
5 975541010568 2
5 975541010571 2
5 975541010576 2
5 975541010579 2
5 975541010584 2
5 975541010587 2
5 975541010592 2
5 975541010595 2
5 975541010600 2
5 975541010603 2
5 975541010608 2
5 975541010611 2
5 975541010616 2
5 975541010619 2
5 975541010624 2
5 975541010627 2
5 975541010632 2
5 975541010635 2
5 975541010640 2
5 975541010643 2
5 975541010648 2
5 975541010651 2
5 975541010656 2
5 975541010659 2
5 975541010664 2
5 975541010667 2
5 975541010672 2
5 975541010675 2
5 975541010680 2
5 975541010683 2
5 975541011200 2
5 975541011208 2
5 975541011216 2
5 975541011224 2
5 975541011232 2
5 975541011240 2
5 975541011248 2
5 975541011256 2
5 975541011264 2
5 975541011272 2
5 975541011280 2
5 975541011288 2
5 975541011296 2
5 975541011304 2
5 975541011312 2
5 975541011320 2
6 975541010561 2
6 975541010562 2
6 975541010563 4
6 975541010564 6
6 975541010565 6
6 975541010566 2
6 975541010567 2
6 975541010569 2
6 975541010570 2
6 975541010571 4
6 975541010572 6
6 975541010573 107
6 975541010574 2
6 975541010575 2
6 975541010577 2
6 975541010578 2
6 975541010579 4
6 975541010580 6
6 975541010581 6
6 975541010582 2
6 975541010583 2
6 975541010585 2
6 975541010586 2
6 975541010587 4
6 975541010588 6
6 975541010589 6
6 975541010590 2
6 975541010591 2
6 975541010593 2
6 975541010594 2
6 975541010595 4
6 975541010596 6
6 975541010597 6
6 975541010598 2
6 975541010599 2
6 975541010601 2
6 975541010602 2
6 975541010603 4
6 975541010604 6
6 975541010605 51
6 975541010606 2
6 975541010607 2
6 975541010609 2
6 975541010610 2
6 975541010611 4
6 975541010612 6
6 975541010613 6
6 975541010614 48
6 975541010615 2
6 975541010617 2
6 975541010618 2
6 975541010619 4
6 975541010620 6
6 975541010621 6
6 975541010622 2
6 975541010623 2
6 975541010625 2
6 975541010626 2
6 975541010627 4
6 975541010628 6
6 975541010629 6
6 975541010630 2
6 975541010631 2
6 975541010633 2
6 975541010634 2
6 975541010635 4
6 975541010636 38
6 975541010637 6
6 975541010638 2
6 975541010639 2
6 975541010641 2
6 975541010642 2
6 975541010643 5
6 975541010644 194
6 975541010645 11
6 975541010646 2
6 975541010647 2
6 975541010649 2
6 975541010650 2
6 975541010651 12
6 975541010652 6
6 975541010653 6
6 975541010654 2
6 975541010655 2
6 975541010657 2
6 975541010658 2
6 975541010659 4
6 975541010660 6
6 975541010661 6
6 975541010662 2
6 975541010663 2
6 975541010665 2
6 975541010666 2
6 975541010667 4
6 975541010668 6
6 975541010669 136
6 975541010670 2
6 975541010671 2
6 975541010673 2
6 975541010674 2
6 975541010675 4
6 975541010676 6
6 975541010677 14
6 975541010678 2
6 975541010679 2
6 975541010681 2
6 975541010682 2
6 975541010683 4
6 975541010684 6
6 975541010685 93
6 975541010686 2
6 975541010687 2
6 975541010688 2
6 975541010691 2
6 975541010696 2
6 975541010699 2
6 975541010704 2
6 975541010707 2
6 975541010712 2
6 975541010715 2
6 975541010720 2
6 975541010723 2
6 975541010728 2
6 975541010731 2
6 975541010736 2
6 975541010739 2
6 975541010744 2
6 975541010747 2
6 975541010752 2
6 975541010755 2
6 975541010760 2
6 975541010763 2
6 975541010768 2
6 975541010771 2
6 975541010776 2
6 975541010779 2
6 975541010784 2
6 975541010787 2
6 975541010792 2
6 975541010795 2
6 975541010800 2
6 975541010803 2
6 975541010808 2
6 975541010811 2
6 975541010816 2
6 975541010820 2
6 975541010824 2
6 975541010828 2
6 975541010832 2
6 975541010836 2
6 975541010840 2
6 975541010844 2
6 975541010848 2
6 975541010852 2
6 975541010856 2
6 975541010860 2
6 975541010864 2
6 975541010868 2
6 975541010872 2
6 975541010876 2
6 975541010880 2
6 975541010884 2
6 975541010888 2
6 975541010892 2
6 975541010896 2
6 975541010900 2
6 975541010904 2
6 975541010908 2
6 975541010912 2
6 975541010916 2
6 975541010920 2
6 975541010924 2
6 975541010928 5
6 975541010932 2
6 975541010936 6
6 975541010940 2
6 975541010944 2
6 975541010948 2
6 975541010952 30
6 975541010956 2
6 975541010960 2
6 975541010964 2
6 975541010968 2
6 975541010972 2
6 975541010976 2
6 975541010980 2
6 975541010984 2
6 975541010988 2
6 975541010992 2
6 975541010996 2
6 975541011000 2
6 975541011004 2
6 975541011008 2
6 975541011012 2
6 975541011016 2
6 975541011020 2
6 975541011024 2
6 975541011028 2
6 975541011032 2
6 975541011036 2
6 975541011040 2
6 975541011044 2
6 975541011048 2
6 975541011052 2
6 975541011056 2
6 975541011060 2
6 975541011064 2
6 975541011068 2
6 975541011072 2
6 975541011077 2
6 975541011080 2
6 975541011085 2
6 975541011088 4
6 975541011093 2
6 975541011096 2
6 975541011101 2
6 975541011104 2
6 975541011109 2
6 975541011112 2
6 975541011117 2
6 975541011120 2
6 975541011125 2
6 975541011128 2
6 975541011133 2
6 975541011136 2
6 975541011141 2
6 975541011144 2
6 975541011149 2
6 975541011152 13
6 975541011157 2
6 975541011160 12
6 975541011165 2
6 975541011168 2
6 975541011173 2
6 975541011176 2
6 975541011181 2
6 975541011184 2
6 975541011189 2
6 975541011192 2
6 975541011197 2
6 975541011200 2
6 975541011205 2
6 975541011208 2
6 975541011213 2
6 975541011216 2
6 975541011221 2
6 975541011224 32
6 975541011229 2
6 975541011232 2
6 975541011237 2
6 975541011240 2
6 975541011245 2
6 975541011248 2
6 975541011253 2
6 975541011256 2
6 975541011261 2
6 975541011264 2
6 975541011269 2
6 975541011272 2
6 975541011277 2
6 975541011280 2
6 975541011285 2
6 975541011288 2
6 975541011293 2
6 975541011296 2
6 975541011301 2
6 975541011304 2
6 975541011309 2
6 975541011312 2
6 975541011317 2
6 975541011320 2
6 975541011325 2
6 975541011328 2
6 975541011334 2
6 975541011336 2
6 975541011342 2
6 975541011344 2
6 975541011350 2
6 975541011352 2
6 975541011358 2
6 975541011360 2
6 975541011366 2
6 975541011368 2
6 975541011374 2
6 975541011376 89
6 975541011382 2
6 975541011384 2
6 975541011390 2
6 975541011392 2
6 975541011398 2
6 975541011400 2
6 975541011406 2
6 975541011408 2
6 975541011414 2
6 975541011416 2
6 975541011422 2
6 975541011424 2
6 975541011430 2
6 975541011432 2
6 975541011438 2
6 975541011440 2
6 975541011446 2
6 975541011448 2
6 975541011454 2
6 975541011456 2
6 975541011463 2
6 975541011464 2
6 975541011471 2
6 975541011472 2
6 975541011479 2
6 975541011480 2
6 975541011487 2
6 975541011488 2
6 975541011495 2
6 975541011496 2
6 975541011503 2
6 975541011504 2
6 975541011511 2
6 975541011512 2
6 975541011519 2
6 975541011520 2
6 975541011527 2
6 975541011528 2
6 975541011535 2
6 975541011536 2
6 975541011543 2
6 975541011544 2
6 975541011551 2
6 975541011552 2
6 975541011559 2
6 975541011560 2
6 975541011567 2
6 975541011568 2
6 975541011575 2
6 975541011576 2
6 975541011583 2
6 975541012096 2
6 975541012100 2
6 975541012104 2
6 975541012108 2
6 975541012112 2
6 975541012116 2
6 975541012120 2
6 975541012124 2
6 975541012128 2
6 975541012132 2
6 975541012136 2
6 975541012140 2
6 975541012144 2
6 975541012148 2
6 975541012152 2
6 975541012156 2
6 975541012160 2
6 975541012164 2
6 975541012168 2
6 975541012172 2
6 975541012176 2
6 975541012180 2
6 975541012184 2
6 975541012188 2
6 975541012192 2
6 975541012196 2
6 975541012200 2
6 975541012204 2
6 975541012208 2
6 975541012212 2
6 975541012216 2
6 975541012220 2
6 975541012224 8
6 975541012225 2
6 975541012226 2
6 975541012227 2
6 975541012229 2
6 975541012232 8
6 975541012233 2
6 975541012234 2
6 975541012235 2
6 975541012237 2
6 975541012240 20
6 975541012241 2
6 975541012242 2
6 975541012243 2
6 975541012245 2
6 975541012248 8
6 975541012249 2
6 975541012250 2
6 975541012251 2
6 975541012253 2
6 975541012256 8
6 975541012257 2
6 975541012258 2
6 975541012259 2
6 975541012261 2
6 975541012264 10
6 975541012265 2
6 975541012266 2
6 975541012267 2
6 975541012269 2
6 975541012272 8
6 975541012273 2
6 975541012274 2
6 975541012275 2
6 975541012277 2
6 975541012280 8
6 975541012281 2
6 975541012282 2
6 975541012283 2
6 975541012285 2
6 975541012288 50
6 975541012289 2
6 975541012290 2
6 975541012291 2
6 975541012293 2
6 975541012296 15
6 975541012297 2
6 975541012298 2
6 975541012299 2
6 975541012301 2
6 975541012304 8
6 975541012305 2
6 975541012306 2
6 975541012307 2
6 975541012309 2
6 975541012312 8
6 975541012313 2
6 975541012314 2
6 975541012315 2
6 975541012317 2
6 975541012320 8
6 975541012321 2
6 975541012322 2
6 975541012323 2
6 975541012325 2
6 975541012328 8
6 975541012329 2
6 975541012330 2
6 975541012331 2
6 975541012333 2
6 975541012336 8
6 975541012337 2
6 975541012338 2
6 975541012339 2
6 975541012341 2
6 975541012344 8
6 975541012345 2
6 975541012346 2
6 975541012347 2
6 975541012349 2
7 975541010689 2
7 975541010697 2
7 975541010705 2
7 975541010713 2
7 975541010721 2
7 975541010729 2
7 975541010737 2
7 975541010745 2
7 975541010753 2
7 975541010761 2
7 975541010769 2
7 975541010777 2
7 975541010785 2
7 975541010793 2
7 975541010801 2
7 975541010809 2
9 975541010690 2
9 975541010691 4
9 975541010692 2
9 975541010693 2
9 975541010694 4
9 975541010695 6
9 975541010698 2
9 975541010699 4
9 975541010700 2
9 975541010701 2
9 975541010702 4
9 975541010703 6
9 975541010706 2
9 975541010707 4
9 975541010708 2
9 975541010709 2
9 975541010710 4
9 975541010711 6
9 975541010714 2
9 975541010715 4
9 975541010716 2
9 975541010717 2
9 975541010718 4
9 975541010719 6
9 975541010722 2
9 975541010723 9
9 975541010724 2
9 975541010725 2
9 975541010726 140
9 975541010727 6
9 975541010730 2
9 975541010731 4
9 975541010732 2
9 975541010733 2
9 975541010734 4
9 975541010735 6
9 975541010738 2
9 975541010739 4
9 975541010740 2
9 975541010741 2
9 975541010742 4
9 975541010743 6
9 975541010746 2
9 975541010747 4
9 975541010748 2
9 975541010749 2
9 975541010750 4
9 975541010751 6
9 975541010754 2
9 975541010755 23
9 975541010756 2
9 975541010757 2
9 975541010758 4
9 975541010759 6
9 975541010762 2
9 975541010763 51
9 975541010764 2
9 975541010765 2
9 975541010766 4
9 975541010767 6
9 975541010770 2
9 975541010771 4
9 975541010772 2
9 975541010773 2
9 975541010774 4
9 975541010775 6
9 975541010778 2
9 975541010779 4
9 975541010780 2
9 975541010781 2
9 975541010782 4
9 975541010783 6
9 975541010786 2
9 975541010787 4
9 975541010788 24
9 975541010789 2
9 975541010790 4
9 975541010791 6
9 975541010794 2
9 975541010795 4
9 975541010796 2
9 975541010797 2
9 975541010798 4
9 975541010799 6
9 975541010802 2
9 975541010803 4
9 975541010804 2
9 975541010805 2
9 975541010806 4
9 975541010807 6
9 975541010810 2
9 975541010811 4
9 975541010812 2
9 975541010813 21
9 975541010814 4
9 975541010815 127
9 975541010817 2
9 975541010818 2
9 975541010825 2
9 975541010826 2
9 975541010833 2
9 975541010834 2
9 975541010841 2
9 975541010842 2
9 975541010849 2
9 975541010850 2
9 975541010857 2
9 975541010858 2
9 975541010865 2
9 975541010866 2
9 975541010873 2
9 975541010874 2
9 975541010881 2
9 975541010882 2
9 975541010889 2
9 975541010890 2
9 975541010897 2
9 975541010898 2
9 975541010905 2
9 975541010906 2
9 975541010913 2
9 975541010914 2
9 975541010921 2
9 975541010922 2
9 975541010929 2
9 975541010930 2
9 975541010937 2
9 975541010938 2
9 975541010945 2
9 975541010947 2
9 975541010953 2
9 975541010955 2
9 975541010961 2
9 975541010963 2
9 975541010969 8
9 975541010971 2
9 975541010977 2
9 975541010979 2
9 975541010985 2
9 975541010987 2
9 975541010993 2
9 975541010995 2
9 975541011001 2
9 975541011003 2
9 975541011009 2
9 975541011011 2
9 975541011017 2
9 975541011019 2
9 975541011025 164
9 975541011027 2
9 975541011033 2
9 975541011035 2
9 975541011041 2
9 975541011043 2
9 975541011049 2
9 975541011051 2
9 975541011057 2
9 975541011059 2
9 975541011065 2
9 975541011067 2
9 975541011073 2
9 975541011076 2
9 975541011081 2
9 975541011084 2
9 975541011089 2
9 975541011092 2
9 975541011097 2
9 975541011100 2
9 975541011105 2
9 975541011108 2
9 975541011113 2
9 975541011116 2
9 975541011121 2
9 975541011124 2
9 975541011129 2
9 975541011132 2
9 975541011137 2
9 975541011140 2
9 975541011145 2
9 975541011148 2
9 975541011153 2
9 975541011156 2
9 975541011161 2
9 975541011164 2
9 975541011169 2
9 975541011172 2
9 975541011177 2
9 975541011180 2
9 975541011185 2
9 975541011188 2
9 975541011193 2
9 975541011196 2
9 975541011201 2
9 975541011205 2
9 975541011209 2
9 975541011213 2
9 975541011217 2
9 975541011221 2
9 975541011225 2
9 975541011229 2
9 975541011233 2
9 975541011237 2
9 975541011241 2
9 975541011245 2
9 975541011249 2
9 975541011253 2
9 975541011257 2
9 975541011261 2
9 975541011265 97
9 975541011269 2
9 975541011273 2
9 975541011277 2
9 975541011281 2
9 975541011285 2
9 975541011289 2
9 975541011293 2
9 975541011297 67
9 975541011301 2
9 975541011305 2
9 975541011309 2
9 975541011313 2
9 975541011317 2
9 975541011321 2
9 975541011325 2
9 975541011329 2
9 975541011334 2
9 975541011337 2
9 975541011342 2
9 975541011345 2
9 975541011350 2
9 975541011353 2
9 975541011358 2
9 975541011361 2
9 975541011366 2
9 975541011369 2
9 975541011374 2
9 975541011377 2
9 975541011382 2
9 975541011385 2
9 975541011390 2
9 975541011393 2
9 975541011398 2
9 975541011401 2
9 975541011406 2
9 975541011409 2
9 975541011414 2
9 975541011417 33
9 975541011422 2
9 975541011425 2
9 975541011430 2
9 975541011433 2
9 975541011438 2
9 975541011441 2
9 975541011446 2
9 975541011449 132
9 975541011454 2
9 975541011457 2
9 975541011463 2
9 975541011465 2
9 975541011471 2
9 975541011473 2
9 975541011479 2
9 975541011481 2
9 975541011487 2
9 975541011489 12
9 975541011495 2
9 975541011497 2
9 975541011503 2
9 975541011505 2
9 975541011511 2
9 975541011513 2
9 975541011519 2
9 975541011521 2
9 975541011527 2
9 975541011529 2
9 975541011535 2
9 975541011537 2
9 975541011543 2
9 975541011545 2
9 975541011551 2
9 975541011553 2
9 975541011559 2
9 975541011561 2
9 975541011567 2
9 975541011569 2
9 975541011575 2
9 975541011577 2
9 975541011583 2
9 975541011713 2
9 975541011719 2
9 975541011721 2
9 975541011727 2
9 975541011729 2
9 975541011735 2
9 975541011737 2
9 975541011743 2
9 975541011745 2
9 975541011751 2
9 975541011753 2
9 975541011759 2
9 975541011761 2
9 975541011767 2
9 975541011769 2
9 975541011775 2
9 975541011777 2
9 975541011783 2
9 975541011785 2
9 975541011791 140
9 975541011793 2
9 975541011799 2
9 975541011801 2
9 975541011807 2
9 975541011809 2
9 975541011815 2
9 975541011817 2
9 975541011823 2
9 975541011825 2
9 975541011831 2
9 975541011833 2
9 975541011839 2
9 975541011841 2
9 975541011843 2
9 975541011849 2
9 975541011851 2
9 975541011857 2
9 975541011859 236
9 975541011865 2
9 975541011867 2
9 975541011873 2
9 975541011875 2
9 975541011881 2
9 975541011883 2
9 975541011889 2
9 975541011891 2
9 975541011897 2
9 975541011899 2
9 975541011905 2
9 975541011907 2
9 975541011913 2
9 975541011915 353
9 975541011921 2
9 975541011923 2
9 975541011929 2
9 975541011931 2
9 975541011937 2
9 975541011939 2
9 975541011945 2
9 975541011947 2
9 975541011953 2
9 975541011955 2
9 975541011961 2
9 975541011963 2
9 975541012097 4
9 975541012102 2
9 975541012103 2
9 975541012105 4
9 975541012110 2
9 975541012111 2
9 975541012113 4
9 975541012118 2
9 975541012119 2
9 975541012121 4
9 975541012126 2
9 975541012127 2
9 975541012129 4
9 975541012134 2
9 975541012135 2
9 975541012137 4
9 975541012142 2
9 975541012143 2
9 975541012145 4
9 975541012150 2
9 975541012151 2
9 975541012153 4
9 975541012158 2
9 975541012159 2
9 975541012161 4
9 975541012166 2
9 975541012167 2
9 975541012169 4
9 975541012174 2
9 975541012175 2
9 975541012177 4
9 975541012182 2
9 975541012183 2
9 975541012185 4
9 975541012190 2
9 975541012191 2
9 975541012193 4
9 975541012198 2
9 975541012199 2
9 975541012201 4
9 975541012206 2
9 975541012207 2
9 975541012209 4
9 975541012214 2
9 975541012215 2
9 975541012217 9
9 975541012222 2
9 975541012223 2
11 975541010817 2
11 975541010820 2
11 975541010825 2
11 975541010828 2
11 975541010833 2
11 975541010836 2
11 975541010841 2
11 975541010844 2
11 975541010849 2
11 975541010852 2
11 975541010857 2
11 975541010860 2
11 975541010865 2
11 975541010868 2
11 975541010873 2
11 975541010876 2
11 975541010881 2
11 975541010884 2
11 975541010889 2
11 975541010892 2
11 975541010897 2
11 975541010900 2
11 975541010905 2
11 975541010908 2
11 975541010913 2
11 975541010916 2
11 975541010921 2
11 975541010924 2
11 975541010929 2
11 975541010932 2
11 975541010937 2
11 975541010940 2
11 975541011585 2
11 975541011593 2
11 975541011601 2
11 975541011609 2
11 975541011617 2
11 975541011625 2
11 975541011633 2
11 975541011641 2
11 975541011649 2
11 975541011657 2
11 975541011665 2
11 975541011673 2
11 975541011681 2
11 975541011689 2
11 975541011697 2
11 975541011705 2
12 975541010819 2
12 975541010820 2
12 975541010822 4
12 975541010823 4
12 975541010827 2
12 975541010828 2
12 975541010830 4
12 975541010831 4
12 975541010835 2
12 975541010836 2
12 975541010838 4
12 975541010839 4
12 975541010843 2
12 975541010844 2
12 975541010846 4
12 975541010847 4
12 975541010851 2
12 975541010852 2
12 975541010854 4
12 975541010855 4
12 975541010859 2
12 975541010860 2
12 975541010862 4
12 975541010863 4
12 975541010867 218
12 975541010868 2
12 975541010870 4
12 975541010871 4
12 975541010875 2
12 975541010876 2
12 975541010878 4
12 975541010879 4
12 975541010883 2
12 975541010884 2
12 975541010886 4
12 975541010887 4
12 975541010891 2
12 975541010892 2
12 975541010894 4
12 975541010895 4
12 975541010899 2
12 975541010900 2
12 975541010902 4
12 975541010903 4
12 975541010907 2
12 975541010908 2
12 975541010910 4
12 975541010911 4
12 975541010915 226
12 975541010916 2
12 975541010918 4
12 975541010919 4
12 975541010923 2
12 975541010924 2
12 975541010926 5
12 975541010927 262
12 975541010931 2
12 975541010932 2
12 975541010934 4
12 975541010935 4
12 975541010939 2
12 975541010940 2
12 975541010942 4
12 975541010943 4
12 975541010945 2
12 975541010950 2
12 975541010953 2
12 975541010958 2
12 975541010961 2
12 975541010966 2
12 975541010969 2
12 975541010974 2
12 975541010977 2
12 975541010982 2
12 975541010985 2
12 975541010990 2
12 975541010993 2
12 975541010998 2
12 975541011001 2
12 975541011006 2
12 975541011009 2
12 975541011014 2
12 975541011017 2
12 975541011022 2
12 975541011025 2
12 975541011030 2
12 975541011033 2
12 975541011038 2
12 975541011041 2
12 975541011046 2
12 975541011049 2
12 975541011054 2
12 975541011057 2
12 975541011062 333
12 975541011065 2
12 975541011070 2
12 975541011073 2
12 975541011079 2
12 975541011081 2
12 975541011087 2
12 975541011089 2
12 975541011095 2
12 975541011097 2
12 975541011103 2
12 975541011105 2
12 975541011111 2
12 975541011113 2
12 975541011119 2
12 975541011121 2
12 975541011127 2
12 975541011129 2
12 975541011135 2
12 975541011137 2
12 975541011143 2
12 975541011145 2
12 975541011151 2
12 975541011153 2
12 975541011159 2
12 975541011161 2
12 975541011167 2
12 975541011169 2
12 975541011175 44
12 975541011177 2
12 975541011183 2
12 975541011185 2
12 975541011191 2
12 975541011193 2
12 975541011199 2
12 975541011329 2
12 975541011331 2
12 975541011337 2
12 975541011339 2
12 975541011345 2
12 975541011347 2
12 975541011353 2
12 975541011355 2
12 975541011361 2
12 975541011363 2
12 975541011369 2
12 975541011371 2
12 975541011377 2
12 975541011379 2
12 975541011385 2
12 975541011387 2
12 975541011393 2
12 975541011395 2
12 975541011401 2
12 975541011403 2
12 975541011409 2
12 975541011411 2
12 975541011417 2
12 975541011419 2
12 975541011425 2
12 975541011427 2
12 975541011433 2
12 975541011435 2
12 975541011441 2
12 975541011443 2
12 975541011449 2
12 975541011451 2
12 975541011457 2
12 975541011460 2
12 975541011465 2
12 975541011468 2
12 975541011473 2
12 975541011476 2
12 975541011481 2
12 975541011484 2
12 975541011489 2
12 975541011492 2
12 975541011497 2
12 975541011500 2
12 975541011505 2
12 975541011508 2
12 975541011513 2
12 975541011516 2
12 975541011521 2
12 975541011524 2
12 975541011529 2
12 975541011532 2
12 975541011537 2
12 975541011540 2
12 975541011545 187
12 975541011548 2
12 975541011553 2
12 975541011556 2
12 975541011561 18
12 975541011564 2
12 975541011569 2
12 975541011572 2
12 975541011577 2
12 975541011580 2
12 975541011585 2
12 975541011590 2
12 975541011593 2
12 975541011598 2
12 975541011601 2
12 975541011606 2
12 975541011609 2
12 975541011614 2
12 975541011617 2
12 975541011622 2
12 975541011625 2
12 975541011630 2
12 975541011633 2
12 975541011638 2
12 975541011641 2
12 975541011646 2
12 975541011649 2
12 975541011654 2
12 975541011657 2
12 975541011662 2
12 975541011665 2
12 975541011670 2
12 975541011673 2
12 975541011678 2
12 975541011681 2
12 975541011686 2
12 975541011689 2
12 975541011694 2
12 975541011697 192
12 975541011702 2
12 975541011705 2
12 975541011710 2
12 975541011713 136
12 975541011719 2
12 975541011721 2
12 975541011727 2
12 975541011729 2
12 975541011735 2
12 975541011737 2
12 975541011743 2
12 975541011745 120
12 975541011751 2
12 975541011753 2
12 975541011759 2
12 975541011761 2
12 975541011767 2
12 975541011769 2
12 975541011775 2
12 975541011777 2
12 975541011783 2
12 975541011785 2
12 975541011791 2
12 975541011793 2
12 975541011799 2
12 975541011801 2
12 975541011807 2
12 975541011809 2
12 975541011815 2
12 975541011817 2
12 975541011823 2
12 975541011825 2
12 975541011831 2
12 975541011833 2
12 975541011839 2
13 975541010946 2
13 975541010954 2
13 975541010962 2
13 975541010970 2
13 975541010978 2
13 975541010986 2
13 975541010994 2
13 975541011002 2
13 975541011010 2
13 975541011018 2
13 975541011026 2
13 975541011034 2
13 975541011042 2
13 975541011050 2
13 975541011058 2
13 975541011066 2
15 975541010946 2
15 975541010947 4
15 975541010948 102
15 975541010950 4
15 975541010954 2
15 975541010955 4
15 975541010956 8
15 975541010958 4
15 975541010962 2
15 975541010963 4
15 975541010964 8
15 975541010966 4
15 975541010970 2
15 975541010971 4
15 975541010972 34
15 975541010974 4
15 975541010978 12
15 975541010979 4
15 975541010980 8
15 975541010982 20
15 975541010986 2
15 975541010987 4
15 975541010988 8
15 975541010990 4
15 975541010994 2
15 975541010995 4
15 975541010996 16
15 975541010998 4
15 975541011002 2
15 975541011003 116
15 975541011004 13
15 975541011006 4
15 975541011010 2
15 975541011011 4
15 975541011012 8
15 975541011014 4
15 975541011018 2
15 975541011019 6
15 975541011020 8
15 975541011022 4
15 975541011026 2
15 975541011027 4
15 975541011028 33
15 975541011030 22
15 975541011034 2
15 975541011035 4
15 975541011036 8
15 975541011038 4
15 975541011042 11
15 975541011043 4
15 975541011044 9
15 975541011046 7
15 975541011050 2
15 975541011051 4
15 975541011052 13
15 975541011054 4
15 975541011058 2
15 975541011059 4
15 975541011060 8
15 975541011062 5
15 975541011066 2
15 975541011067 252
15 975541011068 13
15 975541011070 9
15 975541011074 2
15 975541011076 2
15 975541011082 2
15 975541011084 2
15 975541011090 2
15 975541011092 2
15 975541011098 2
15 975541011100 2
15 975541011106 2
15 975541011108 2
15 975541011114 2
15 975541011116 2
15 975541011122 2
15 975541011124 2
15 975541011130 2
15 975541011132 2
15 975541011138 2
15 975541011140 2
15 975541011146 2
15 975541011148 2
15 975541011154 2
15 975541011156 2
15 975541011162 2
15 975541011164 2
15 975541011170 2
15 975541011172 2
15 975541011178 2
15 975541011180 2
15 975541011186 2
15 975541011188 2
15 975541011194 2
15 975541011196 2
15 975541011202 2
15 975541011206 2
15 975541011210 2
15 975541011214 2
15 975541011218 2
15 975541011222 2
15 975541011226 2
15 975541011230 2
15 975541011234 2
15 975541011238 2
15 975541011242 2
15 975541011246 2
15 975541011250 2
15 975541011254 2
15 975541011258 2
15 975541011262 2
15 975541011266 2
15 975541011270 2
15 975541011274 2
15 975541011278 2
15 975541011282 2
15 975541011286 2
15 975541011290 2
15 975541011294 2
15 975541011298 2
15 975541011302 2
15 975541011306 2
15 975541011310 2
15 975541011314 2
15 975541011318 2
15 975541011322 2
15 975541011326 2
15 975541011458 4
15 975541011466 4
15 975541011474 4
15 975541011482 4
15 975541011490 4
15 975541011498 4
15 975541011506 4
15 975541011514 4
15 975541011522 18
15 975541011530 8
15 975541011538 4
15 975541011546 4
15 975541011554 7
15 975541011562 4
15 975541011570 4
15 975541011578 12
15 975541011586 2
15 975541011588 2
15 975541011594 2
15 975541011596 2
15 975541011602 9
15 975541011604 2
15 975541011610 2
15 975541011612 2
15 975541011618 3
15 975541011620 2
15 975541011626 2
15 975541011628 2
15 975541011634 2
15 975541011636 2
15 975541011642 2
15 975541011644 2
15 975541011650 5
15 975541011652 127
15 975541011658 11
15 975541011660 2
15 975541011666 2
15 975541011668 2
15 975541011674 2
15 975541011676 2
15 975541011682 2
15 975541011684 60
15 975541011690 2
15 975541011692 2
15 975541011698 2
15 975541011700 2
15 975541011706 2
15 975541011708 2
15 975541011714 2
15 975541011718 2
15 975541011722 2
15 975541011726 2
15 975541011730 2
15 975541011734 2
15 975541011738 2
15 975541011742 2
15 975541011746 11
15 975541011750 2
15 975541011754 2
15 975541011758 2
15 975541011762 2
15 975541011766 2
15 975541011770 2
15 975541011774 2
15 975541011778 2
15 975541011782 2
15 975541011786 2
15 975541011790 2
15 975541011794 2
15 975541011798 2
15 975541011802 13
15 975541011806 2
15 975541011810 2
15 975541011814 2
15 975541011818 2
15 975541011822 2
15 975541011826 2
15 975541011830 2
15 975541011834 2
15 975541011838 2
15 975541011970 15
15 975541011971 2
15 975541011978 2
15 975541011979 2
15 975541011986 2
15 975541011987 2
15 975541011994 2
15 975541011995 2
15 975541012002 25
15 975541012003 2
15 975541012010 2
15 975541012011 2
15 975541012018 2
15 975541012019 2
15 975541012026 2
15 975541012027 2
15 975541012034 2
15 975541012035 2
15 975541012042 2
15 975541012043 2
15 975541012050 2
15 975541012051 2
15 975541012058 2
15 975541012059 2
15 975541012066 2
15 975541012067 2
15 975541012074 62
15 975541012075 2
15 975541012082 2
15 975541012083 2
15 975541012090 2
15 975541012091 2
15 975541012226 4
15 975541012227 2
15 975541012228 2
15 975541012234 4
15 975541012235 2
15 975541012236 2
15 975541012242 4
15 975541012243 2
15 975541012244 2
15 975541012250 4
15 975541012251 2
15 975541012252 2
15 975541012258 4
15 975541012259 2
15 975541012260 2
15 975541012266 4
15 975541012267 2
15 975541012268 2
15 975541012274 4
15 975541012275 2
15 975541012276 2
15 975541012282 4
15 975541012283 2
15 975541012284 2
15 975541012290 4
15 975541012291 2
15 975541012292 2
15 975541012298 4
15 975541012299 2
15 975541012300 2
15 975541012306 4
15 975541012307 2
15 975541012308 2
15 975541012314 4
15 975541012315 2
15 975541012316 2
15 975541012322 4
15 975541012323 2
15 975541012324 2
15 975541012330 4
15 975541012331 2
15 975541012332 2
15 975541012338 4
15 975541012339 2
15 975541012340 2
15 975541012346 4
15 975541012347 2
15 975541012348 2
15 975541012354 2
15 975541012356 2
15 975541012362 2
15 975541012364 2
15 975541012370 2
15 975541012372 2
15 975541012378 2
15 975541012380 2
15 975541012386 2
15 975541012388 2
15 975541012394 2
15 975541012396 2
15 975541012402 2
15 975541012404 2
15 975541012410 2
15 975541012412 2
15 975541012418 2
15 975541012420 2
15 975541012426 2
15 975541012428 2
15 975541012434 2
15 975541012436 2
15 975541012442 2
15 975541012444 2
15 975541012450 2
15 975541012452 2
15 975541012458 2
15 975541012460 2
15 975541012466 2
15 975541012468 2
15 975541012474 2
15 975541012476 2
18 975541011075 8
18 975541011076 4
18 975541011077 6
18 975541011079 2
18 975541011083 8
18 975541011084 4
18 975541011085 6
18 975541011087 2
18 975541011091 8
18 975541011092 4
18 975541011093 6
18 975541011095 2
18 975541011099 8
18 975541011100 4
18 975541011101 6
18 975541011103 2
18 975541011107 8
18 975541011108 4
18 975541011109 6
18 975541011111 2
18 975541011115 8
18 975541011116 4
18 975541011117 6
18 975541011119 2
18 975541011123 8
18 975541011124 4
18 975541011125 6
18 975541011127 2
18 975541011131 8
18 975541011132 4
18 975541011133 6
18 975541011135 2
18 975541011139 8
18 975541011140 4
18 975541011141 6
18 975541011143 2
18 975541011147 8
18 975541011148 4
18 975541011149 6
18 975541011151 2
18 975541011155 8
18 975541011156 4
18 975541011157 6
18 975541011159 2
18 975541011163 8
18 975541011164 4
18 975541011165 6
18 975541011167 2
18 975541011171 8
18 975541011172 4
18 975541011173 6
18 975541011175 2
18 975541011179 8
18 975541011180 4
18 975541011181 6
18 975541011183 2
18 975541011187 8
18 975541011188 4
18 975541011189 6
18 975541011191 2
18 975541011195 8
18 975541011196 4
18 975541011197 6
18 975541011199 2
18 975541011202 2
18 975541011203 2
18 975541011210 2
18 975541011211 2
18 975541011218 2
18 975541011219 2
18 975541011226 2
18 975541011227 2
18 975541011234 2
18 975541011235 2
18 975541011242 2
18 975541011243 2
18 975541011250 2
18 975541011251 2
18 975541011258 2
18 975541011259 2
18 975541011266 2
18 975541011267 2
18 975541011274 2
18 975541011275 2
18 975541011282 2
18 975541011283 2
18 975541011290 2
18 975541011291 2
18 975541011298 2
18 975541011299 2
18 975541011306 2
18 975541011307 2
18 975541011314 2
18 975541011315 2
18 975541011322 2
18 975541011323 2
18 975541011330 2
18 975541011333 2
18 975541011338 2
18 975541011341 2
18 975541011346 2
18 975541011349 2
18 975541011354 2
18 975541011357 2
18 975541011362 2
18 975541011365 2
18 975541011370 2
18 975541011373 2
18 975541011378 2
18 975541011381 2
18 975541011386 2
18 975541011389 2
18 975541011394 2
18 975541011397 2
18 975541011402 2
18 975541011405 2
18 975541011410 2
18 975541011413 2
18 975541011418 2
18 975541011421 2
18 975541011426 2
18 975541011429 2
18 975541011434 2
18 975541011437 2
18 975541011442 2
18 975541011445 2
18 975541011450 2
18 975541011453 2
18 975541011586 2
18 975541011587 2
18 975541011594 2
18 975541011595 2
18 975541011602 2
18 975541011603 2
18 975541011610 2
18 975541011611 2
18 975541011618 2
18 975541011619 2
18 975541011626 2
18 975541011627 2
18 975541011634 2
18 975541011635 2
18 975541011642 2
18 975541011643 2
18 975541011650 2
18 975541011651 2
18 975541011658 2
18 975541011659 2
18 975541011666 2
18 975541011667 2
18 975541011674 2
18 975541011675 2
18 975541011682 2
18 975541011683 2
18 975541011690 2
18 975541011691 2
18 975541011698 2
18 975541011699 2
18 975541011706 2
18 975541011707 2
18 975541011714 2
18 975541011717 2
18 975541011722 2
18 975541011725 2
18 975541011730 2
18 975541011733 2
18 975541011738 2
18 975541011741 2
18 975541011746 2
18 975541011749 2
18 975541011754 2
18 975541011757 2
18 975541011762 2
18 975541011765 2
18 975541011770 2
18 975541011773 2
18 975541011778 2
18 975541011781 2
18 975541011786 2
18 975541011789 2
18 975541011794 2
18 975541011797 2
18 975541011802 2
18 975541011805 2
18 975541011810 2
18 975541011813 2
18 975541011818 2
18 975541011821 2
18 975541011826 2
18 975541011829 2
18 975541011834 2
18 975541011837 2
18 975541011970 2
18 975541011971 2
18 975541011978 2
18 975541011979 2
18 975541011986 2
18 975541011987 2
18 975541011994 2
18 975541011995 2
18 975541012002 2
18 975541012003 2
18 975541012010 2
18 975541012011 2
18 975541012018 2
18 975541012019 2
18 975541012026 2
18 975541012027 2
18 975541012034 2
18 975541012035 2
18 975541012042 2
18 975541012043 2
18 975541012050 2
18 975541012051 2
18 975541012058 2
18 975541012059 2
18 975541012066 2
18 975541012067 2
18 975541012074 2
18 975541012075 2
18 975541012082 2
18 975541012083 2
18 975541012090 2
18 975541012091 2
18 975541012098 2
18 975541012101 2
18 975541012106 2
18 975541012109 2
18 975541012114 2
18 975541012117 2
18 975541012122 2
18 975541012125 2
18 975541012130 2
18 975541012133 2
18 975541012138 2
18 975541012141 2
18 975541012146 2
18 975541012149 2
18 975541012154 2
18 975541012157 2
18 975541012162 2
18 975541012165 2
18 975541012170 2
18 975541012173 2
18 975541012178 2
18 975541012181 2
18 975541012186 2
18 975541012189 2
18 975541012194 2
18 975541012197 2
18 975541012202 2
18 975541012205 2
18 975541012210 2
18 975541012213 2
18 975541012218 2
18 975541012221 2
18 975541012354 8
18 975541012355 2
18 975541012356 4
18 975541012359 2
18 975541012362 8
18 975541012363 2
18 975541012364 4
18 975541012367 2
18 975541012370 8
18 975541012371 2
18 975541012372 4
18 975541012375 2
18 975541012378 8
18 975541012379 2
18 975541012380 4
18 975541012383 2
18 975541012386 8
18 975541012387 2
18 975541012388 4
18 975541012391 2
18 975541012394 8
18 975541012395 2
18 975541012396 4
18 975541012399 2
18 975541012402 8
18 975541012403 2
18 975541012404 4
18 975541012407 2
18 975541012410 8
18 975541012411 2
18 975541012412 4
18 975541012415 2
18 975541012418 8
18 975541012419 2
18 975541012420 4
18 975541012423 2
18 975541012426 8
18 975541012427 2
18 975541012428 4
18 975541012431 2
18 975541012434 8
18 975541012435 2
18 975541012436 4
18 975541012439 2
18 975541012442 8
18 975541012443 2
18 975541012444 4
18 975541012447 2
18 975541012450 8
18 975541012451 2
18 975541012452 4
18 975541012455 2
18 975541012458 8
18 975541012459 2
18 975541012460 4
18 975541012463 2
18 975541012466 8
18 975541012467 2
18 975541012468 4
18 975541012471 2
18 975541012474 8
18 975541012475 2
18 975541012476 4
18 975541012479 2
20 975541011203 2
20 975541011206 2
20 975541011211 2
20 975541011214 2
20 975541011219 2
20 975541011222 2
20 975541011227 2
20 975541011230 2
20 975541011235 2
20 975541011238 2
20 975541011243 2
20 975541011246 2
20 975541011251 2
20 975541011254 2
20 975541011259 2
20 975541011262 2
20 975541011267 2
20 975541011270 2
20 975541011275 2
20 975541011278 2
20 975541011283 2
20 975541011286 2
20 975541011291 2
20 975541011294 2
20 975541011299 2
20 975541011302 2
20 975541011307 2
20 975541011310 2
20 975541011315 2
20 975541011318 2
20 975541011323 2
20 975541011326 2
20 975541012099 2
20 975541012107 2
20 975541012115 2
20 975541012123 2
20 975541012131 2
20 975541012139 2
20 975541012147 2
20 975541012155 2
20 975541012163 2
20 975541012171 2
20 975541012179 2
20 975541012187 2
20 975541012195 2
20 975541012203 2
20 975541012211 2
20 975541012219 2
21 975541011203 4
21 975541011205 11
21 975541011206 2
21 975541011211 4
21 975541011213 34
21 975541011214 2
21 975541011219 14
21 975541011221 4
21 975541011222 2
21 975541011227 4
21 975541011229 4
21 975541011230 2
21 975541011235 4
21 975541011237 15
21 975541011238 2
21 975541011243 4
21 975541011245 8
21 975541011246 2
21 975541011251 4
21 975541011253 4
21 975541011254 2
21 975541011259 4
21 975541011261 4
21 975541011262 2
21 975541011267 4
21 975541011269 10
21 975541011270 2
21 975541011275 4
21 975541011277 11
21 975541011278 2
21 975541011283 4
21 975541011285 4
21 975541011286 2
21 975541011291 22
21 975541011293 4
21 975541011294 2
21 975541011299 4
21 975541011301 6
21 975541011302 6
21 975541011307 4
21 975541011309 4
21 975541011310 2
21 975541011315 12
21 975541011317 5
21 975541011318 2
21 975541011323 4
21 975541011325 14
21 975541011326 2
21 975541011459 2
21 975541011461 2
21 975541011467 2
21 975541011469 2
21 975541011475 2
21 975541011477 2
21 975541011483 2
21 975541011485 2
21 975541011491 2
21 975541011493 2
21 975541011499 2
21 975541011501 2
21 975541011507 2
21 975541011509 2
21 975541011515 2
21 975541011517 2
21 975541011523 2
21 975541011525 2
21 975541011531 2
21 975541011533 2
21 975541011539 2
21 975541011541 2
21 975541011547 2
21 975541011549 2
21 975541011555 2
21 975541011557 2
21 975541011563 2
21 975541011565 2
21 975541011571 2
21 975541011573 2
21 975541011579 2
21 975541011581 2
21 975541011715 4
21 975541011723 4
21 975541011731 4
21 975541011739 4
21 975541011747 4
21 975541011755 4
21 975541011763 4
21 975541011771 4
21 975541011779 4
21 975541011787 4
21 975541011795 4
21 975541011803 4
21 975541011811 4
21 975541011819 4
21 975541011827 4
21 975541011835 4
21 975541011843 2
21 975541011846 2
21 975541011851 2
21 975541011854 2
21 975541011859 2
21 975541011862 2
21 975541011867 2
21 975541011870 2
21 975541011875 8
21 975541011878 2
21 975541011883 17
21 975541011886 2
21 975541011891 2
21 975541011894 2
21 975541011899 2
21 975541011902 2
21 975541011907 2
21 975541011910 2
21 975541011915 2
21 975541011918 2
21 975541011923 3
21 975541011926 2
21 975541011931 2
21 975541011934 2
21 975541011939 15
21 975541011942 2
21 975541011947 4
21 975541011950 2
21 975541011955 2
21 975541011958 2
21 975541011963 3
21 975541011966 2
21 975541012099 2
21 975541012101 2
21 975541012107 2
21 975541012109 2
21 975541012115 2
21 975541012117 2
21 975541012123 2
21 975541012125 2
21 975541012131 2
21 975541012133 2
21 975541012139 2
21 975541012141 2
21 975541012147 23
21 975541012149 2
21 975541012155 11
21 975541012157 2
21 975541012163 2
21 975541012165 2
21 975541012171 2
21 975541012173 2
21 975541012179 2
21 975541012181 2
21 975541012187 16
21 975541012189 2
21 975541012195 2
21 975541012197 2
21 975541012203 2
21 975541012205 2
21 975541012211 2
21 975541012213 2
21 975541012219 2
21 975541012221 2
21 975541012355 4
21 975541012363 4
21 975541012371 9
21 975541012379 4
21 975541012387 4
21 975541012395 4
21 975541012403 4
21 975541012411 4
21 975541012419 4
21 975541012427 10
21 975541012435 4
21 975541012443 4
21 975541012451 6
21 975541012459 6
21 975541012467 4
21 975541012475 8
23 975541011331 2
23 975541011334 2
23 975541011339 2
23 975541011342 2
23 975541011347 2
23 975541011350 2
23 975541011355 2
23 975541011358 2
23 975541011363 2
23 975541011366 2
23 975541011371 2
23 975541011374 2
23 975541011379 2
23 975541011382 2
23 975541011387 2
23 975541011390 2
23 975541011395 2
23 975541011398 2
23 975541011403 2
23 975541011406 2
23 975541011411 2
23 975541011414 2
23 975541011419 2
23 975541011422 2
23 975541011427 2
23 975541011430 2
23 975541011435 2
23 975541011438 2
23 975541011443 2
23 975541011446 2
23 975541011451 2
23 975541011454 2
23 975541012099 2
23 975541012107 2
23 975541012115 2
23 975541012123 2
23 975541012131 2
23 975541012139 2
23 975541012147 2
23 975541012155 2
23 975541012163 2
23 975541012171 2
23 975541012179 2
23 975541012187 2
23 975541012195 2
23 975541012203 2
23 975541012211 2
23 975541012219 2
24 975541011332 2
24 975541011333 4
24 975541011334 2
24 975541011340 2
24 975541011341 4
24 975541011342 2
24 975541011348 2
24 975541011349 4
24 975541011350 2
24 975541011356 2
24 975541011357 4
24 975541011358 2
24 975541011364 2
24 975541011365 5
24 975541011366 2
24 975541011372 2
24 975541011373 4
24 975541011374 2
24 975541011380 2
24 975541011381 4
24 975541011382 2
24 975541011388 2
24 975541011389 4
24 975541011390 2
24 975541011396 2
24 975541011397 4
24 975541011398 2
24 975541011404 2
24 975541011405 4
24 975541011406 2
24 975541011412 2
24 975541011413 4
24 975541011414 2
24 975541011420 3
24 975541011421 4
24 975541011422 2
24 975541011428 2
24 975541011429 4
24 975541011430 2
24 975541011436 2
24 975541011437 4
24 975541011438 2
24 975541011444 2
24 975541011445 4
24 975541011446 2
24 975541011452 2
24 975541011453 4
24 975541011454 2
24 975541011587 2
24 975541011590 2
24 975541011595 2
24 975541011598 2
24 975541011603 2
24 975541011606 2
24 975541011611 2
24 975541011614 2
24 975541011619 2
24 975541011622 2
24 975541011627 2
24 975541011630 2
24 975541011635 2
24 975541011638 2
24 975541011643 2
24 975541011646 2
24 975541011651 2
24 975541011654 2
24 975541011659 2
24 975541011662 2
24 975541011667 2
24 975541011670 2
24 975541011675 2
24 975541011678 2
24 975541011683 2
24 975541011686 2
24 975541011691 2
24 975541011694 2
24 975541011699 2
24 975541011702 2
24 975541011707 2
24 975541011710 2
24 975541011843 2
24 975541011845 2
24 975541011851 2
24 975541011853 2
24 975541011859 2
24 975541011861 2
24 975541011867 2
24 975541011869 2
24 975541011875 2
24 975541011877 2
24 975541011883 2
24 975541011885 2
24 975541011891 2
24 975541011893 2
24 975541011899 2
24 975541011901 2
24 975541011907 2
24 975541011909 2
24 975541011915 2
24 975541011917 2
24 975541011923 2
24 975541011925 2
24 975541011931 2
24 975541011933 2
24 975541011939 2
24 975541011941 2
24 975541011947 2
24 975541011949 2
24 975541011955 2
24 975541011957 2
24 975541011963 2
24 975541011965 2
24 975541012099 2
24 975541012101 2
24 975541012107 2
24 975541012109 2
24 975541012115 2
24 975541012117 2
24 975541012123 2
24 975541012125 2
24 975541012131 2
24 975541012133 2
24 975541012139 2
24 975541012141 2
24 975541012147 2
24 975541012149 2
24 975541012155 2
24 975541012157 2
24 975541012163 2
24 975541012165 2
24 975541012171 2
24 975541012173 2
24 975541012179 2
24 975541012181 2
24 975541012187 2
24 975541012189 2
24 975541012195 2
24 975541012197 2
24 975541012203 2
24 975541012205 2
24 975541012211 2
24 975541012213 2
24 975541012219 2
24 975541012221 2
24 975541012355 38
24 975541012356 2
24 975541012363 2
24 975541012364 2
24 975541012371 18
24 975541012372 2
24 975541012379 2
24 975541012380 2
24 975541012387 2
24 975541012388 2
24 975541012395 6
24 975541012396 2
24 975541012403 2
24 975541012404 2
24 975541012411 2
24 975541012412 2
24 975541012419 2
24 975541012420 2
24 975541012427 2
24 975541012428 2
24 975541012435 17
24 975541012436 2
24 975541012443 3
24 975541012444 2
24 975541012451 2
24 975541012452 2
24 975541012459 2
24 975541012460 2
24 975541012467 5
24 975541012468 2
24 975541012475 3
24 975541012476 2
27 975541011460 2
27 975541011461 4
27 975541011462 2
27 975541011468 2
27 975541011469 4
27 975541011470 2
27 975541011476 2
27 975541011477 4
27 975541011478 2
27 975541011484 2
27 975541011485 4
27 975541011486 2
27 975541011492 2
27 975541011493 4
27 975541011494 2
27 975541011500 2
27 975541011501 4
27 975541011502 2
27 975541011508 2
27 975541011509 4
27 975541011510 2
27 975541011516 2
27 975541011517 4
27 975541011518 2
27 975541011524 2
27 975541011525 4
27 975541011526 2
27 975541011532 2
27 975541011533 4
27 975541011534 2
27 975541011540 2
27 975541011541 4
27 975541011542 2
27 975541011548 2
27 975541011549 66
27 975541011550 2
27 975541011556 2
27 975541011557 4
27 975541011558 2
27 975541011564 2
27 975541011565 4
27 975541011566 2
27 975541011572 2
27 975541011573 4
27 975541011574 2
27 975541011580 2
27 975541011581 4
27 975541011582 2
27 975541011588 4
27 975541011596 22
27 975541011604 6
27 975541011612 8
27 975541011620 4
27 975541011628 4
27 975541011636 12
27 975541011644 4
27 975541011652 13
27 975541011660 4
27 975541011668 4
27 975541011676 4
27 975541011684 4
27 975541011692 16
27 975541011700 4
27 975541011708 17
27 975541011844 2
27 975541011845 2
27 975541011852 2
27 975541011853 2
27 975541011860 2
27 975541011861 2
27 975541011868 2
27 975541011869 2
27 975541011876 2
27 975541011877 2
27 975541011884 2
27 975541011885 2
27 975541011892 2
27 975541011893 2
27 975541011900 2
27 975541011901 2
27 975541011908 2
27 975541011909 2
27 975541011916 2
27 975541011917 2
27 975541011924 2
27 975541011925 2
27 975541011932 2
27 975541011933 2
27 975541011940 2
27 975541011941 2
27 975541011948 2
27 975541011949 2
27 975541011956 2
27 975541011957 2
27 975541011964 2
27 975541011965 2
27 975541012100 2
27 975541012101 2
27 975541012108 2
27 975541012109 2
27 975541012116 2
27 975541012117 2
27 975541012124 2
27 975541012125 2
27 975541012132 2
27 975541012133 2
27 975541012140 2
27 975541012141 2
27 975541012148 2
27 975541012149 2
27 975541012156 2
27 975541012157 2
27 975541012164 2
27 975541012165 2
27 975541012172 2
27 975541012173 2
27 975541012180 2
27 975541012181 2
27 975541012188 2
27 975541012189 2
27 975541012196 2
27 975541012197 2
27 975541012204 2
27 975541012205 2
27 975541012212 2
27 975541012213 2
27 975541012220 2
27 975541012221 2
27 975541012356 2
27 975541012358 2
27 975541012364 2
27 975541012366 2
27 975541012372 2
27 975541012374 2
27 975541012380 2
27 975541012382 2
27 975541012388 2
27 975541012390 2
27 975541012396 2
27 975541012398 2
27 975541012404 2
27 975541012406 2
27 975541012412 2
27 975541012414 2
27 975541012420 2
27 975541012422 2
27 975541012428 2
27 975541012430 2
27 975541012436 2
27 975541012438 2
27 975541012444 2
27 975541012446 2
27 975541012452 2
27 975541012454 2
27 975541012460 2
27 975541012462 2
27 975541012468 26
27 975541012470 2
27 975541012476 2
27 975541012478 2
30 975541011589 2
30 975541011591 4
30 975541011597 2
30 975541011599 4
30 975541011605 2
30 975541011607 4
30 975541011613 2
30 975541011615 4
30 975541011621 2
30 975541011623 4
30 975541011629 2
30 975541011631 4
30 975541011637 2
30 975541011639 4
30 975541011645 2
30 975541011647 4
30 975541011653 2
30 975541011655 4
30 975541011661 2
30 975541011663 4
30 975541011669 2
30 975541011671 4
30 975541011677 2
30 975541011679 4
30 975541011685 2
30 975541011687 4
30 975541011693 2
30 975541011695 4
30 975541011701 2
30 975541011703 4
30 975541011709 2
30 975541011711 4
30 975541011716 2
30 975541011719 2
30 975541011724 2
30 975541011727 2
30 975541011732 2
30 975541011735 2
30 975541011740 2
30 975541011743 2
30 975541011748 2
30 975541011751 2
30 975541011756 2
30 975541011759 2
30 975541011764 2
30 975541011767 2
30 975541011772 2
30 975541011775 2
30 975541011780 2
30 975541011783 2
30 975541011788 2
30 975541011791 2
30 975541011796 2
30 975541011799 2
30 975541011804 2
30 975541011807 2
30 975541011812 2
30 975541011815 2
30 975541011820 2
30 975541011823 2
30 975541011828 2
30 975541011831 2
30 975541011836 2
30 975541011839 2
30 975541012100 2
30 975541012101 2
30 975541012108 2
30 975541012109 2
30 975541012116 2
30 975541012117 2
30 975541012124 2
30 975541012125 2
30 975541012132 2
30 975541012133 2
30 975541012140 2
30 975541012141 2
30 975541012148 2
30 975541012149 2
30 975541012156 2
30 975541012157 2
30 975541012164 2
30 975541012165 2
30 975541012172 2
30 975541012173 2
30 975541012180 2
30 975541012181 2
30 975541012188 2
30 975541012189 2
30 975541012196 2
30 975541012197 2
30 975541012204 2
30 975541012205 2
30 975541012212 2
30 975541012213 2
30 975541012220 2
30 975541012221 2
30 975541012356 2
30 975541012359 2
30 975541012364 2
30 975541012367 2
30 975541012372 2
30 975541012375 2
30 975541012380 2
30 975541012383 2
30 975541012388 2
30 975541012391 2
30 975541012396 2
30 975541012399 2
30 975541012404 2
30 975541012407 2
30 975541012412 2
30 975541012415 2
30 975541012420 19
30 975541012423 2
30 975541012428 2
30 975541012431 2
30 975541012436 2
30 975541012439 2
30 975541012444 2
30 975541012447 2
30 975541012452 2
30 975541012455 2
30 975541012460 2
30 975541012463 2
30 975541012468 2
30 975541012471 2
30 975541012476 2
30 975541012479 2
33 975541011718 4
33 975541011726 4
33 975541011734 4
33 975541011742 4
33 975541011750 4
33 975541011758 4
33 975541011766 4
33 975541011774 4
33 975541011782 4
33 975541011790 4
33 975541011798 4
33 975541011806 4
33 975541011814 4
33 975541011822 4
33 975541011830 4
33 975541011838 4
33 975541011973 2
33 975541011974 2
33 975541011981 2
33 975541011982 2
33 975541011989 2
33 975541011990 2
33 975541011997 2
33 975541011998 2
33 975541012005 2
33 975541012006 2
33 975541012013 2
33 975541012014 2
33 975541012021 2
33 975541012022 2
33 975541012029 2
33 975541012030 2
33 975541012037 2
33 975541012038 2
33 975541012045 2
33 975541012046 2
33 975541012053 2
33 975541012054 2
33 975541012061 2
33 975541012062 2
33 975541012069 2
33 975541012070 2
33 975541012077 2
33 975541012078 2
33 975541012085 2
33 975541012086 2
33 975541012093 2
33 975541012094 2
33 975541012357 2
33 975541012358 2
33 975541012365 2
33 975541012366 2
33 975541012373 2
33 975541012374 2
33 975541012381 2
33 975541012382 2
33 975541012389 2
33 975541012390 2
33 975541012397 2
33 975541012398 2
33 975541012405 2
33 975541012406 2
33 975541012413 2
33 975541012414 2
33 975541012421 2
33 975541012422 2
33 975541012429 2
33 975541012430 2
33 975541012437 2
33 975541012438 2
33 975541012445 2
33 975541012446 2
33 975541012453 2
33 975541012454 2
33 975541012461 2
33 975541012462 2
33 975541012469 2
33 975541012470 2
33 975541012477 2
33 975541012478 2
36 975541011847 2
36 975541011855 2
36 975541011863 2
36 975541011871 2
36 975541011879 2
36 975541011887 2
36 975541011895 2
36 975541011903 2
36 975541011911 2
36 975541011919 2
36 975541011927 2
36 975541011935 2
36 975541011943 2
36 975541011951 2
36 975541011959 2
36 975541011967 2
36 975541012101 2
36 975541012103 2
36 975541012109 2
36 975541012111 2
36 975541012117 2
36 975541012119 2
36 975541012125 2
36 975541012127 2
36 975541012133 2
36 975541012135 2
36 975541012141 2
36 975541012143 2
36 975541012149 2
36 975541012151 2
36 975541012157 2
36 975541012159 2
36 975541012165 2
36 975541012167 2
36 975541012173 2
36 975541012175 2
36 975541012181 2
36 975541012183 2
36 975541012189 2
36 975541012191 2
36 975541012197 2
36 975541012199 2
36 975541012205 2
36 975541012207 2
36 975541012213 2
36 975541012215 2
36 975541012221 2
36 975541012223 2
39 975541011975 2
39 975541011983 2
39 975541011991 2
39 975541011999 2
39 975541012007 2
39 975541012015 2
39 975541012023 2
39 975541012031 2
39 975541012039 2
39 975541012047 2
39 975541012055 2
39 975541012063 2
39 975541012071 2
39 975541012079 2
39 975541012087 2
39 975541012095 2
39 975541012102 2
39 975541012103 2
39 975541012110 2
39 975541012111 2
39 975541012118 2
39 975541012119 2
39 975541012126 2
39 975541012127 2
39 975541012134 2
39 975541012135 2
39 975541012142 2
39 975541012143 2
39 975541012150 2
39 975541012151 2
39 975541012158 2
39 975541012159 2
39 975541012166 2
39 975541012167 2
39 975541012174 2
39 975541012175 2
39 975541012182 2
39 975541012183 2
39 975541012190 2
39 975541012191 2
39 975541012198 2
39 975541012199 2
39 975541012206 2
39 975541012207 2
39 975541012214 2
39 975541012215 2
39 975541012222 2
39 975541012223 2
44 975541012231 4
44 975541012239 4
44 975541012247 4
44 975541012255 4
44 975541012263 4
44 975541012271 4
44 975541012279 4
44 975541012287 4
44 975541012295 4
44 975541012303 4
44 975541012311 4
44 975541012319 4
44 975541012327 4
44 975541012335 4
44 975541012343 4
44 975541012351 4
44 975541012359 2
44 975541012367 2
44 975541012375 2
44 975541012383 2
44 975541012391 2
44 975541012399 2
44 975541012407 2
44 975541012415 2
44 975541012423 2
44 975541012431 2
44 975541012439 2
44 975541012447 2
44 975541012455 2
44 975541012463 2
44 975541012471 2
44 975541012479 2
