2 975541010432 2
2 975541010433 2
2 975541010440 2
2 975541010441 2
2 975541010448 2
2 975541010449 2
2 975541010456 2
2 975541010457 2
2 975541010464 2
2 975541010465 2
2 975541010472 2
2 975541010473 2
2 975541010480 2
2 975541010481 2
2 975541010488 2
2 975541010489 2
2 975541010496 2
2 975541010497 2
2 975541010504 2
2 975541010505 2
2 975541010512 2
2 975541010513 2
2 975541010520 2
2 975541010521 2
2 975541010528 2
2 975541010529 2
2 975541010536 2
2 975541010537 2
2 975541010544 2
2 975541010545 2
2 975541010552 2
2 975541010553 2
2 975541010816 2
2 975541010824 2
2 975541010832 2
2 975541010840 2
2 975541010848 2
2 975541010856 2
2 975541010864 2
2 975541010872 2
2 975541010880 2
2 975541010888 2
2 975541010896 2
2 975541010904 2
2 975541010912 2
2 975541010920 2
2 975541010928 2
2 975541010936 2
3 975541010433 14
3 975541010435 8
3 975541010436 2
3 975541010437 4
3 975541010438 4
3 975541010439 2
3 975541010441 14
3 975541010443 8
3 975541010444 2
3 975541010445 4
3 975541010446 4
3 975541010447 2
3 975541010449 14
3 975541010451 8
3 975541010452 2
3 975541010453 4
3 975541010454 4
3 975541010455 2
3 975541010457 14
3 975541010459 8
3 975541010460 2
3 975541010461 4
3 975541010462 4
3 975541010463 2
3 975541010465 14
3 975541010467 8
3 975541010468 2
3 975541010469 4
3 975541010470 4
3 975541010471 2
3 975541010473 14
3 975541010475 8
3 975541010476 2
3 975541010477 50
3 975541010478 4
3 975541010479 2
3 975541010481 14
3 975541010483 8
3 975541010484 2
3 975541010485 4
3 975541010486 4
3 975541010487 2
3 975541010489 14
3 975541010491 8
3 975541010492 2
3 975541010493 4
3 975541010494 4
3 975541010495 2
3 975541010497 14
3 975541010499 8
3 975541010500 2
3 975541010501 4
3 975541010502 4
3 975541010503 2
3 975541010505 14
3 975541010507 8
3 975541010508 2
3 975541010509 4
3 975541010510 4
3 975541010511 2
3 975541010513 14
3 975541010515 8
3 975541010516 2
3 975541010517 4
3 975541010518 4
3 975541010519 2
3 975541010521 107
3 975541010523 8
3 975541010524 2
3 975541010525 4
3 975541010526 4
3 975541010527 2
3 975541010529 14
3 975541010531 8
3 975541010532 2
3 975541010533 4
3 975541010534 4
3 975541010535 2
3 975541010537 14
3 975541010539 8
3 975541010540 2
3 975541010541 4
3 975541010542 4
3 975541010543 2
3 975541010545 14
3 975541010547 8
3 975541010548 2
3 975541010549 4
3 975541010550 4
3 975541010551 2
3 975541010553 14
3 975541010555 8
3 975541010556 2
3 975541010557 4
3 975541010558 4
3 975541010559 2
3 975541010560 2
3 975541010561 2
3 975541010568 2
3 975541010569 2
3 975541010576 2
3 975541010577 2
3 975541010584 2
3 975541010585 2
3 975541010592 2
3 975541010593 2
3 975541010600 2
3 975541010601 2
3 975541010608 2
3 975541010609 2
3 975541010616 2
3 975541010617 2
3 975541010624 2
3 975541010625 2
3 975541010632 2
3 975541010633 2
3 975541010640 2
3 975541010641 2
3 975541010648 2
3 975541010649 2
3 975541010656 2
3 975541010657 2
3 975541010664 2
3 975541010665 2
3 975541010672 2
3 975541010673 2
3 975541010680 2
3 975541010681 2
3 975541010688 2
3 975541010689 2
3 975541010696 2
3 975541010697 2
3 975541010704 2
3 975541010705 2
3 975541010712 2
3 975541010713 2
3 975541010720 2
3 975541010721 2
3 975541010728 2
3 975541010729 2
3 975541010736 2
3 975541010737 2
3 975541010744 2
3 975541010745 2
3 975541010752 2
3 975541010753 2
3 975541010760 2
3 975541010761 2
3 975541010768 2
3 975541010769 2
3 975541010776 2
3 975541010777 2
3 975541010784 2
3 975541010785 2
3 975541010792 2
3 975541010793 2
3 975541010800 2
3 975541010801 2
3 975541010808 2
3 975541010809 2
3 975541010816 2
3 975541010817 2
3 975541010824 2
3 975541010825 2
3 975541010832 2
3 975541010833 2
3 975541010840 2
3 975541010841 2
3 975541010848 2
3 975541010849 2
3 975541010856 2
3 975541010857 2
3 975541010864 2
3 975541010865 2
3 975541010872 2
3 975541010873 2
3 975541010880 2
3 975541010881 2
3 975541010888 2
3 975541010889 2
3 975541010896 2
3 975541010897 2
3 975541010904 2
3 975541010905 2
3 975541010912 2
3 975541010913 2
3 975541010920 2
3 975541010921 2
3 975541010928 2
3 975541010929 2
3 975541010936 2
3 975541010937 2
3 975541010944 2
3 975541010945 2
3 975541010952 2
3 975541010953 2
3 975541010960 2
3 975541010961 2
3 975541010968 2
3 975541010969 2
3 975541010976 2
3 975541010977 2
3 975541010984 2
3 975541010985 2
3 975541010992 2
3 975541010993 2
3 975541011000 2
3 975541011001 2
3 975541011008 2
3 975541011009 2
3 975541011016 2
3 975541011017 2
3 975541011024 2
3 975541011025 2
3 975541011032 2
3 975541011033 2
3 975541011040 2
3 975541011041 2
3 975541011048 2
3 975541011049 2
3 975541011056 2
3 975541011057 2
3 975541011064 2
3 975541011065 2
3 975541011072 2
3 975541011073 2
3 975541011080 2
3 975541011081 2
3 975541011088 2
3 975541011089 2
3 975541011096 2
3 975541011097 2
3 975541011104 2
3 975541011105 2
3 975541011112 2
3 975541011113 2
3 975541011120 2
3 975541011121 2
3 975541011128 2
3 975541011129 2
3 975541011136 2
3 975541011137 2
3 975541011144 2
3 975541011145 2
3 975541011152 2
3 975541011153 2
3 975541011160 2
3 975541011161 2
3 975541011168 2
3 975541011169 2
3 975541011176 127
3 975541011177 2
3 975541011184 15
3 975541011185 2
3 975541011192 2
3 975541011193 2
3 975541011200 183
3 975541011201 2
3 975541011208 2
3 975541011209 2
3 975541011216 2
3 975541011217 2
3 975541011224 2
3 975541011225 2
3 975541011232 2
3 975541011233 2
3 975541011240 2
3 975541011241 2
3 975541011248 2
3 975541011249 2
3 975541011256 2
3 975541011257 2
3 975541011264 2
3 975541011265 2
3 975541011272 2
3 975541011273 2
3 975541011280 2
3 975541011281 2
3 975541011288 2
3 975541011289 2
3 975541011296 2
3 975541011297 2
3 975541011304 2
3 975541011305 2
3 975541011312 2
3 975541011313 2
3 975541011320 2
3 975541011321 2
3 975541011328 2
3 975541011332 2
3 975541011336 2
3 975541011340 2
3 975541011344 2
3 975541011348 2
3 975541011352 2
3 975541011356 2
3 975541011360 2
3 975541011364 85
3 975541011368 2
3 975541011372 2
3 975541011376 2
3 975541011380 2
3 975541011384 2
3 975541011388 2
3 975541011392 2
3 975541011396 2
3 975541011400 2
3 975541011404 2
3 975541011408 2
3 975541011412 2
3 975541011416 2
3 975541011420 2
3 975541011424 2
3 975541011428 2
3 975541011432 2
3 975541011436 2
3 975541011440 2
3 975541011444 2
3 975541011448 2
3 975541011452 2
3 975541011456 2
3 975541011463 2
3 975541011464 2
3 975541011471 2
3 975541011472 2
3 975541011479 2
3 975541011480 2
3 975541011487 2
3 975541011488 2
3 975541011495 2
3 975541011496 2
3 975541011503 2
3 975541011504 2
3 975541011511 2
3 975541011512 2
3 975541011519 2
3 975541011520 2
3 975541011527 2
3 975541011528 2
3 975541011535 2
3 975541011536 2
3 975541011543 2
3 975541011544 2
3 975541011551 2
3 975541011552 2
3 975541011559 2
3 975541011560 2
3 975541011567 2
3 975541011568 2
3 975541011575 2
3 975541011576 2
3 975541011583 2
3 975541011584 2
3 975541011589 2
3 975541011592 2
3 975541011597 2
3 975541011600 2
3 975541011605 2
3 975541011608 2
3 975541011613 2
3 975541011616 2
3 975541011621 2
3 975541011624 2
3 975541011629 2
3 975541011632 2
3 975541011637 2
3 975541011640 2
3 975541011645 2
3 975541011648 2
3 975541011653 2
3 975541011656 2
3 975541011661 2
3 975541011664 2
3 975541011669 2
3 975541011672 2
3 975541011677 2
3 975541011680 2
3 975541011685 2
3 975541011688 2
3 975541011693 2
3 975541011696 2
3 975541011701 2
3 975541011704 2
3 975541011709 2
3 975541011968 6
3 975541011969 2
3 975541011971 2
3 975541011973 2
3 975541011976 6
3 975541011977 2
3 975541011979 2
3 975541011981 2
3 975541011984 6
3 975541011985 2
3 975541011987 2
3 975541011989 2
3 975541011992 6
3 975541011993 2
3 975541011995 2
3 975541011997 2
3 975541012000 6
3 975541012001 2
3 975541012003 2
3 975541012005 2
3 975541012008 6
3 975541012009 2
3 975541012011 2
3 975541012013 2
3 975541012016 6
3 975541012017 2
3 975541012019 2
3 975541012021 2
3 975541012024 6
3 975541012025 2
3 975541012027 2
3 975541012029 2
3 975541012032 6
3 975541012033 2
3 975541012035 2
3 975541012037 2
3 975541012040 6
3 975541012041 2
3 975541012043 2
3 975541012045 2
3 975541012048 6
3 975541012049 2
3 975541012051 2
3 975541012053 2
3 975541012056 6
3 975541012057 2
3 975541012059 2
3 975541012061 2
3 975541012064 6
3 975541012065 2
3 975541012067 2
3 975541012069 2
3 975541012072 6
3 975541012073 2
3 975541012075 2
3 975541012077 2
3 975541012080 6
3 975541012081 2
3 975541012083 2
3 975541012085 2
3 975541012088 6
3 975541012089 2
3 975541012091 2
3 975541012093 2
3 975541012096 6
3 975541012099 4
3 975541012102 2
3 975541012104 6
3 975541012107 4
3 975541012110 2
3 975541012112 6
3 975541012115 4
3 975541012118 2
3 975541012120 6
3 975541012123 4
3 975541012126 2
3 975541012128 6
3 975541012131 4
3 975541012134 2
3 975541012136 6
3 975541012139 4
3 975541012142 2
3 975541012144 6
3 975541012147 4
3 975541012150 2
3 975541012152 6
3 975541012155 4
3 975541012158 2
3 975541012160 6
3 975541012163 4
3 975541012166 2
3 975541012168 6
3 975541012171 4
3 975541012174 2
3 975541012176 6
3 975541012179 4
3 975541012182 2
3 975541012184 6
3 975541012187 4
3 975541012190 2
3 975541012192 6
3 975541012195 4
3 975541012198 2
3 975541012200 6
3 975541012203 4
3 975541012206 2
3 975541012208 6
3 975541012211 4
3 975541012214 2
3 975541012216 6
3 975541012219 4
3 975541012222 2
3 975541012224 2
3 975541012230 2
3 975541012232 2
3 975541012238 2
3 975541012240 2
3 975541012246 2
3 975541012248 2
3 975541012254 2
3 975541012256 2
3 975541012262 2
3 975541012264 2
3 975541012270 2
3 975541012272 2
3 975541012278 2
3 975541012280 2
3 975541012286 2
3 975541012288 2
3 975541012294 2
3 975541012296 2
3 975541012302 2
3 975541012304 2
3 975541012310 2
3 975541012312 2
3 975541012318 2
3 975541012320 2
3 975541012326 2
3 975541012328 2
3 975541012334 2
3 975541012336 2
3 975541012342 2
3 975541012344 2
3 975541012350 2
3 975541012352 2
3 975541012355 2
3 975541012360 2
3 975541012363 2
3 975541012368 2
3 975541012371 2
3 975541012376 2
3 975541012379 2
3 975541012384 2
3 975541012387 2
3 975541012392 2
3 975541012395 2
3 975541012400 2
3 975541012403 2
3 975541012408 2
3 975541012411 2
3 975541012416 2
3 975541012419 2
3 975541012424 2
3 975541012427 2
3 975541012432 2
3 975541012435 2
3 975541012440 2
3 975541012443 2
3 975541012448 2
3 975541012451 2
3 975541012456 2
3 975541012459 2
3 975541012464 2
3 975541012467 2
3 975541012472 2
3 975541012475 2
5 975541010560 2
5 975541010563 2
5 975541010568 2
5 975541010571 2
5 975541010576 2
5 975541010579 2
5 975541010584 2
5 975541010587 2
5 975541010592 2
5 975541010595 2
5 975541010600 2
5 975541010603 2
5 975541010608 2
5 975541010611 2
5 975541010616 2
5 975541010619 2
5 975541010624 2
5 975541010627 2
5 975541010632 2
5 975541010635 2
5 975541010640 2
5 975541010643 2
5 975541010648 2
5 975541010651 2
5 975541010656 2
5 975541010659 2
5 975541010664 2
5 975541010667 2
5 975541010672 2
5 975541010675 2
5 975541010680 2
5 975541010683 2
5 975541011328 2
5 975541011336 2
5 975541011344 2
5 975541011352 2
5 975541011360 2
5 975541011368 2
5 975541011376 2
5 975541011384 2
5 975541011392 2
5 975541011400 2
5 975541011408 2
5 975541011416 2
5 975541011424 2
5 975541011432 2
5 975541011440 2
5 975541011448 2
6 975541010561 2
6 975541010562 4
6 975541010563 4
6 975541010564 42
6 975541010565 5
6 975541010566 4
6 975541010567 2
6 975541010569 2
6 975541010570 4
6 975541010571 4
6 975541010572 13
6 975541010573 4
6 975541010574 4
6 975541010575 2
6 975541010577 2
6 975541010578 4
6 975541010579 4
6 975541010580 8
6 975541010581 4
6 975541010582 4
6 975541010583 2
6 975541010585 2
6 975541010586 4
6 975541010587 4
6 975541010588 8
6 975541010589 4
6 975541010590 225
6 975541010591 2
6 975541010593 2
6 975541010594 4
6 975541010595 4
6 975541010596 8
6 975541010597 4
6 975541010598 4
6 975541010599 2
6 975541010601 2
6 975541010602 4
6 975541010603 4
6 975541010604 8
6 975541010605 4
6 975541010606 4
6 975541010607 2
6 975541010609 2
6 975541010610 4
6 975541010611 4
6 975541010612 8
6 975541010613 4
6 975541010614 4
6 975541010615 2
6 975541010617 2
6 975541010618 4
6 975541010619 4
6 975541010620 8
6 975541010621 4
6 975541010622 4
6 975541010623 2
6 975541010625 2
6 975541010626 4
6 975541010627 4
6 975541010628 8
6 975541010629 4
6 975541010630 4
6 975541010631 2
6 975541010633 2
6 975541010634 4
6 975541010635 4
6 975541010636 8
6 975541010637 4
6 975541010638 4
6 975541010639 2
6 975541010641 2
6 975541010642 4
6 975541010643 4
6 975541010644 8
6 975541010645 4
6 975541010646 4
6 975541010647 2
6 975541010649 2
6 975541010650 4
6 975541010651 4
6 975541010652 8
6 975541010653 4
6 975541010654 4
6 975541010655 2
6 975541010657 2
6 975541010658 4
6 975541010659 4
6 975541010660 8
6 975541010661 4
6 975541010662 23
6 975541010663 2
6 975541010665 2
6 975541010666 4
6 975541010667 4
6 975541010668 8
6 975541010669 4
6 975541010670 16
6 975541010671 2
6 975541010673 2
6 975541010674 4
6 975541010675 4
6 975541010676 8
6 975541010677 4
6 975541010678 4
6 975541010679 2
6 975541010681 2
6 975541010682 4
6 975541010683 4
6 975541010684 8
6 975541010685 4
6 975541010686 4
6 975541010687 2
6 975541010688 2
6 975541010692 2
6 975541010696 2
6 975541010700 2
6 975541010704 2
6 975541010708 2
6 975541010712 2
6 975541010716 2
6 975541010720 2
6 975541010724 2
6 975541010728 2
6 975541010732 2
6 975541010736 2
6 975541010740 2
6 975541010744 2
6 975541010748 2
6 975541010752 2
6 975541010756 2
6 975541010760 2
6 975541010764 2
6 975541010768 2
6 975541010772 2
6 975541010776 2
6 975541010780 2
6 975541010784 2
6 975541010788 2
6 975541010792 2
6 975541010796 2
6 975541010800 2
6 975541010804 2
6 975541010808 2
6 975541010812 2
6 975541010816 2
6 975541010820 3
6 975541010824 2
6 975541010828 3
6 975541010832 2
6 975541010836 5
6 975541010840 2
6 975541010844 2
6 975541010848 2
6 975541010852 2
6 975541010856 2
6 975541010860 2
6 975541010864 2
6 975541010868 2
6 975541010872 2
6 975541010876 2
6 975541010880 2
6 975541010884 2
6 975541010888 2
6 975541010892 2
6 975541010896 2
6 975541010900 18
6 975541010904 2
6 975541010908 2
6 975541010912 2
6 975541010916 29
6 975541010920 2
6 975541010924 4
6 975541010928 2
6 975541010932 2
6 975541010936 2
6 975541010940 2
6 975541010944 2
6 975541010949 2
6 975541010952 2
6 975541010957 2
6 975541010960 2
6 975541010965 2
6 975541010968 2
6 975541010973 2
6 975541010976 2
6 975541010981 2
6 975541010984 2
6 975541010989 2
6 975541010992 2
6 975541010997 2
6 975541011000 2
6 975541011005 2
6 975541011008 2
6 975541011013 2
6 975541011016 2
6 975541011021 2
6 975541011024 28
6 975541011029 2
6 975541011032 2
6 975541011037 2
6 975541011040 2
6 975541011045 2
6 975541011048 2
6 975541011053 2
6 975541011056 2
6 975541011061 2
6 975541011064 2
6 975541011069 2
6 975541011072 2
6 975541011077 2
6 975541011080 97
6 975541011085 2
6 975541011088 2
6 975541011093 2
6 975541011096 2
6 975541011101 2
6 975541011104 2
6 975541011109 2
6 975541011112 2
6 975541011117 2
6 975541011120 2
6 975541011125 2
6 975541011128 2
6 975541011133 2
6 975541011136 2
6 975541011141 2
6 975541011144 2
6 975541011149 2
6 975541011152 2
6 975541011157 2
6 975541011160 2
6 975541011165 2
6 975541011168 2
6 975541011173 2
6 975541011176 2
6 975541011181 2
6 975541011184 2
6 975541011189 2
6 975541011192 2
6 975541011197 2
6 975541011200 2
6 975541011206 2
6 975541011208 2
6 975541011214 2
6 975541011216 2
6 975541011222 2
6 975541011224 2
6 975541011230 2
6 975541011232 2
6 975541011238 2
6 975541011240 2
6 975541011246 2
6 975541011248 2
6 975541011254 2
6 975541011256 2
6 975541011262 2
6 975541011264 2
6 975541011270 2
6 975541011272 2
6 975541011278 2
6 975541011280 2
6 975541011286 2
6 975541011288 2
6 975541011294 2
6 975541011296 2
6 975541011302 2
6 975541011304 2
6 975541011310 2
6 975541011312 2
6 975541011318 2
6 975541011320 5
6 975541011326 2
6 975541011328 2
6 975541011334 2
6 975541011336 2
6 975541011342 2
6 975541011344 2
6 975541011350 2
6 975541011352 2
6 975541011358 2
6 975541011360 16
6 975541011366 2
6 975541011368 2
6 975541011374 2
6 975541011376 2
6 975541011382 2
6 975541011384 11
6 975541011390 2
6 975541011392 4
6 975541011398 2
6 975541011400 6
6 975541011406 2
6 975541011408 2
6 975541011414 2
6 975541011416 2
6 975541011422 2
6 975541011424 10
6 975541011430 2
6 975541011432 2
6 975541011438 2
6 975541011440 2
6 975541011446 2
6 975541011448 2
6 975541011454 2
6 975541011584 4
6 975541011588 2
6 975541011591 2
6 975541011592 4
6 975541011596 2
6 975541011599 2
6 975541011600 4
6 975541011604 2
6 975541011607 2
6 975541011608 4
6 975541011612 2
6 975541011615 2
6 975541011616 4
6 975541011620 2
6 975541011623 2
6 975541011624 4
6 975541011628 2
6 975541011631 2
6 975541011632 4
6 975541011636 2
6 975541011639 2
6 975541011640 4
6 975541011644 2
6 975541011647 2
6 975541011648 4
6 975541011652 2
6 975541011655 2
6 975541011656 4
6 975541011660 2
6 975541011663 2
6 975541011664 4
6 975541011668 2
6 975541011671 2
6 975541011672 4
6 975541011676 2
6 975541011679 2
6 975541011680 4
6 975541011684 2
6 975541011687 2
6 975541011688 4
6 975541011692 2
6 975541011695 2
6 975541011696 4
6 975541011700 2
6 975541011703 2
6 975541011704 4
6 975541011708 2
6 975541011711 2
6 975541011712 2
6 975541011714 2
6 975541011720 2
6 975541011722 2
6 975541011728 2
6 975541011730 2
6 975541011736 2
6 975541011738 2
6 975541011744 2
6 975541011746 2
6 975541011752 2
6 975541011754 2
6 975541011760 2
6 975541011762 2
6 975541011768 2
6 975541011770 2
6 975541011776 2
6 975541011778 2
6 975541011784 2
6 975541011786 2
6 975541011792 2
6 975541011794 2
6 975541011800 2
6 975541011802 2
6 975541011808 2
6 975541011810 2
6 975541011816 2
6 975541011818 2
6 975541011824 2
6 975541011826 2
6 975541011832 2
6 975541011834 2
6 975541011840 6
6 975541011841 2
6 975541011842 2
6 975541011844 2
6 975541011848 6
6 975541011849 2
6 975541011850 2
6 975541011852 2
6 975541011856 6
6 975541011857 2
6 975541011858 2
6 975541011860 2
6 975541011864 6
6 975541011865 2
6 975541011866 2
6 975541011868 2
6 975541011872 6
6 975541011873 2
6 975541011874 2
6 975541011876 2
6 975541011880 6
6 975541011881 2
6 975541011882 2
6 975541011884 2
6 975541011888 6
6 975541011889 2
6 975541011890 2
6 975541011892 2
6 975541011896 6
6 975541011897 2
6 975541011898 2
6 975541011900 2
6 975541011904 6
6 975541011905 2
6 975541011906 2
6 975541011908 2
6 975541011912 6
6 975541011913 2
6 975541011914 2
6 975541011916 2
6 975541011920 6
6 975541011921 2
6 975541011922 2
6 975541011924 2
6 975541011928 6
6 975541011929 2
6 975541011930 2
6 975541011932 2
6 975541011936 6
6 975541011937 2
6 975541011938 2
6 975541011940 2
6 975541011944 6
6 975541011945 2
6 975541011946 2
6 975541011948 2
6 975541011952 6
6 975541011953 2
6 975541011954 2
6 975541011956 2
6 975541011960 6
6 975541011961 2
6 975541011962 2
6 975541011964 2
6 975541012352 4
6 975541012355 4
6 975541012360 4
6 975541012363 4
6 975541012368 4
6 975541012371 4
6 975541012376 4
6 975541012379 4
6 975541012384 4
6 975541012387 4
6 975541012392 4
6 975541012395 4
6 975541012400 4
6 975541012403 4
6 975541012408 4
6 975541012411 4
6 975541012416 4
6 975541012419 4
6 975541012424 4
6 975541012427 4
6 975541012432 4
6 975541012435 4
6 975541012440 4
6 975541012443 4
6 975541012448 4
6 975541012451 4
6 975541012456 4
6 975541012459 4
6 975541012464 4
6 975541012467 4
6 975541012472 4
6 975541012475 4
8 975541010689 4
8 975541010697 4
8 975541010705 4
8 975541010713 4
8 975541010721 4
8 975541010729 4
8 975541010737 4
8 975541010745 4
8 975541010753 4
8 975541010761 4
8 975541010769 4
8 975541010777 4
8 975541010785 4
8 975541010793 4
8 975541010801 4
8 975541010809 4
8 975541010817 2
8 975541010825 2
8 975541010833 2
8 975541010841 2
8 975541010849 2
8 975541010857 2
8 975541010865 2
8 975541010873 2
8 975541010881 2
8 975541010889 2
8 975541010897 2
8 975541010905 2
8 975541010913 2
8 975541010921 2
8 975541010929 2
8 975541010937 2
9 975541010690 2
9 975541010691 4
9 975541010692 21
9 975541010693 2
9 975541010694 2
9 975541010695 4
9 975541010698 2
9 975541010699 4
9 975541010700 4
9 975541010701 2
9 975541010702 2
9 975541010703 4
9 975541010706 2
9 975541010707 4
9 975541010708 4
9 975541010709 2
9 975541010710 154
9 975541010711 4
9 975541010714 2
9 975541010715 4
9 975541010716 4
9 975541010717 2
9 975541010718 2
9 975541010719 4
9 975541010722 2
9 975541010723 4
9 975541010724 4
9 975541010725 2
9 975541010726 13
9 975541010727 4
9 975541010730 2
9 975541010731 4
9 975541010732 4
9 975541010733 2
9 975541010734 2
9 975541010735 4
9 975541010738 2
9 975541010739 4
9 975541010740 4
9 975541010741 2
9 975541010742 2
9 975541010743 4
9 975541010746 2
9 975541010747 4
9 975541010748 4
9 975541010749 2
9 975541010750 2
9 975541010751 4
9 975541010754 2
9 975541010755 35
9 975541010756 4
9 975541010757 129
9 975541010758 2
9 975541010759 4
9 975541010762 2
9 975541010763 52
9 975541010764 4
9 975541010765 2
9 975541010766 2
9 975541010767 4
9 975541010770 2
9 975541010771 4
9 975541010772 4
9 975541010773 2
9 975541010774 2
9 975541010775 4
9 975541010778 2
9 975541010779 4
9 975541010780 4
9 975541010781 12
9 975541010782 2
9 975541010783 4
9 975541010786 2
9 975541010787 4
9 975541010788 4
9 975541010789 2
9 975541010790 2
9 975541010791 4
9 975541010794 2
9 975541010795 4
9 975541010796 4
9 975541010797 2
9 975541010798 2
9 975541010799 4
9 975541010802 2
9 975541010803 4
9 975541010804 4
9 975541010805 2
9 975541010806 2
9 975541010807 4
9 975541010810 2
9 975541010811 4
9 975541010812 4
9 975541010813 2
9 975541010814 2
9 975541010815 4
9 975541010817 2
9 975541010818 2
9 975541010825 2
9 975541010826 2
9 975541010833 2
9 975541010834 2
9 975541010841 2
9 975541010842 2
9 975541010849 2
9 975541010850 2
9 975541010857 2
9 975541010858 2
9 975541010865 2
9 975541010866 2
9 975541010873 2
9 975541010874 2
9 975541010881 2
9 975541010882 2
9 975541010889 2
9 975541010890 2
9 975541010897 2
9 975541010898 2
9 975541010905 2
9 975541010906 2
9 975541010913 2
9 975541010914 2
9 975541010921 2
9 975541010922 2
9 975541010929 2
9 975541010930 2
9 975541010937 2
9 975541010938 2
9 975541010945 2
9 975541010947 2
9 975541010953 2
9 975541010955 2
9 975541010961 2
9 975541010963 2
9 975541010969 4
9 975541010971 2
9 975541010977 2
9 975541010979 2
9 975541010985 2
9 975541010987 2
9 975541010993 2
9 975541010995 2
9 975541011001 2
9 975541011003 2
9 975541011009 2
9 975541011011 2
9 975541011017 2
9 975541011019 2
9 975541011025 180
9 975541011027 2
9 975541011033 2
9 975541011035 2
9 975541011041 2
9 975541011043 2
9 975541011049 2
9 975541011051 2
9 975541011057 2
9 975541011059 2
9 975541011065 2
9 975541011067 2
9 975541011073 2
9 975541011076 2
9 975541011081 2
9 975541011084 2
9 975541011089 2
9 975541011092 2
9 975541011097 2
9 975541011100 2
9 975541011105 2
9 975541011108 2
9 975541011113 2
9 975541011116 2
9 975541011121 2
9 975541011124 2
9 975541011129 2
9 975541011132 2
9 975541011137 2
9 975541011140 2
9 975541011145 2
9 975541011148 2
9 975541011153 2
9 975541011156 2
9 975541011161 2
9 975541011164 2
9 975541011169 46
9 975541011172 2
9 975541011177 2
9 975541011180 2
9 975541011185 2
9 975541011188 2
9 975541011193 2
9 975541011196 2
9 975541011201 2
9 975541011205 2
9 975541011209 2
9 975541011213 2
9 975541011217 2
9 975541011221 2
9 975541011225 2
9 975541011229 295
9 975541011233 2
9 975541011237 2
9 975541011241 471
9 975541011245 2
9 975541011249 2
9 975541011253 2
9 975541011257 2
9 975541011261 2
9 975541011265 2
9 975541011269 2
9 975541011273 2
9 975541011277 2
9 975541011281 2
9 975541011285 2
9 975541011289 2
9 975541011293 2
9 975541011297 2
9 975541011301 2
9 975541011305 2
9 975541011309 131
9 975541011313 2
9 975541011317 2
9 975541011321 2
9 975541011325 2
9 975541011329 2
9 975541011334 2
9 975541011337 2
9 975541011342 2
9 975541011345 2
9 975541011350 2
9 975541011353 2
9 975541011358 2
9 975541011361 2
9 975541011366 2
9 975541011369 2
9 975541011374 2
9 975541011377 2
9 975541011382 2
9 975541011385 2
9 975541011390 2
9 975541011393 2
9 975541011398 2
9 975541011401 2
9 975541011406 2
9 975541011409 2
9 975541011414 2
9 975541011417 2
9 975541011422 2
9 975541011425 2
9 975541011430 2
9 975541011433 2
9 975541011438 2
9 975541011441 2
9 975541011446 2
9 975541011449 2
9 975541011454 2
9 975541011457 2
9 975541011463 2
9 975541011465 2
9 975541011471 2
9 975541011473 2
9 975541011479 2
9 975541011481 2
9 975541011487 2
9 975541011489 2
9 975541011495 2
9 975541011497 2
9 975541011503 2
9 975541011505 2
9 975541011511 2
9 975541011513 2
9 975541011519 2
9 975541011521 2
9 975541011527 2
9 975541011529 2
9 975541011535 2
9 975541011537 87
9 975541011543 2
9 975541011545 2
9 975541011551 2
9 975541011553 2
9 975541011559 2
9 975541011561 2
9 975541011567 2
9 975541011569 2
9 975541011575 2
9 975541011577 74
9 975541011583 2
9 975541011841 2
9 975541011844 2
9 975541011849 2
9 975541011852 2
9 975541011857 2
9 975541011860 2
9 975541011865 2
9 975541011868 2
9 975541011873 2
9 975541011876 2
9 975541011881 2
9 975541011884 2
9 975541011889 2
9 975541011892 2
9 975541011897 2
9 975541011900 2
9 975541011905 2
9 975541011908 2
9 975541011913 2
9 975541011916 2
9 975541011921 2
9 975541011924 2
9 975541011929 2
9 975541011932 2
9 975541011937 2
9 975541011940 2
9 975541011945 2
9 975541011948 2
9 975541011953 2
9 975541011956 2
9 975541011961 2
9 975541011964 2
9 975541011969 2
9 975541011971 2
9 975541011977 2
9 975541011979 2
9 975541011985 2
9 975541011987 2
9 975541011993 2
9 975541011995 2
9 975541012001 2
9 975541012003 2
9 975541012009 2
9 975541012011 2
9 975541012017 2
9 975541012019 2
9 975541012025 2
9 975541012027 2
9 975541012033 2
9 975541012035 2
9 975541012041 150
9 975541012043 2
9 975541012049 2
9 975541012051 2
9 975541012057 2
9 975541012059 2
9 975541012065 2
9 975541012067 2
9 975541012073 2
9 975541012075 2
9 975541012081 2
9 975541012083 2
9 975541012089 158
9 975541012091 2
9 975541012225 2
9 975541012231 2
9 975541012233 2
9 975541012239 2
9 975541012241 2
9 975541012247 2
9 975541012249 2
9 975541012255 2
9 975541012257 2
9 975541012263 2
9 975541012265 2
9 975541012271 2
9 975541012273 2
9 975541012279 2
9 975541012281 2
9 975541012287 2
9 975541012289 2
9 975541012295 2
9 975541012297 2
9 975541012303 2
9 975541012305 2
9 975541012311 2
9 975541012313 2
9 975541012319 2
9 975541012321 2
9 975541012327 2
9 975541012329 2
9 975541012335 2
9 975541012337 2
9 975541012343 2
9 975541012345 2
9 975541012351 2
11 975541010817 2
11 975541010821 2
11 975541010825 2
11 975541010829 2
11 975541010833 2
11 975541010837 2
11 975541010841 2
11 975541010845 2
11 975541010849 2
11 975541010853 2
11 975541010857 2
11 975541010861 2
11 975541010865 2
11 975541010869 2
11 975541010873 2
11 975541010877 2
11 975541010881 2
11 975541010885 2
11 975541010889 2
11 975541010893 2
11 975541010897 2
11 975541010901 2
11 975541010905 2
11 975541010909 2
11 975541010913 2
11 975541010917 2
11 975541010921 2
11 975541010925 2
11 975541010929 2
11 975541010933 2
11 975541010937 2
11 975541010941 2
11 975541011713 2
11 975541011721 2
11 975541011729 2
11 975541011737 2
11 975541011745 2
11 975541011753 2
11 975541011761 2
11 975541011769 2
11 975541011777 2
11 975541011785 2
11 975541011793 2
11 975541011801 2
11 975541011809 2
11 975541011817 2
11 975541011825 2
11 975541011833 2
12 975541010818 6
12 975541010819 4
12 975541010821 61
12 975541010822 38
12 975541010823 2
12 975541010826 6
12 975541010827 4
12 975541010829 55
12 975541010830 11
12 975541010831 2
12 975541010834 6
12 975541010835 4
12 975541010837 4
12 975541010838 8
12 975541010839 2
12 975541010842 6
12 975541010843 4
12 975541010845 4
12 975541010846 113
12 975541010847 2
12 975541010850 7
12 975541010851 4
12 975541010853 4
12 975541010854 8
12 975541010855 2
12 975541010858 17
12 975541010859 24
12 975541010861 6
12 975541010862 8
12 975541010863 2
12 975541010866 15
12 975541010867 4
12 975541010869 4
12 975541010870 8
12 975541010871 2
12 975541010874 6
12 975541010875 4
12 975541010877 4
12 975541010878 8
12 975541010879 2
12 975541010882 6
12 975541010883 4
12 975541010885 4
12 975541010886 8
12 975541010887 2
12 975541010890 6
12 975541010891 4
12 975541010893 4
12 975541010894 8
12 975541010895 2
12 975541010898 6
12 975541010899 4
12 975541010901 4
12 975541010902 8
12 975541010903 2
12 975541010906 6
12 975541010907 108
12 975541010909 4
12 975541010910 8
12 975541010911 2
12 975541010914 25
12 975541010915 4
12 975541010917 4
12 975541010918 8
12 975541010919 2
12 975541010922 6
12 975541010923 37
12 975541010925 4
12 975541010926 9
12 975541010927 2
12 975541010930 6
12 975541010931 4
12 975541010933 4
12 975541010934 11
12 975541010935 2
12 975541010938 11
12 975541010939 4
12 975541010941 4
12 975541010942 8
12 975541010943 2
12 975541010945 2
12 975541010950 2
12 975541010953 2
12 975541010958 2
12 975541010961 2
12 975541010966 2
12 975541010969 2
12 975541010974 2
12 975541010977 2
12 975541010982 2
12 975541010985 2
12 975541010990 2
12 975541010993 2
12 975541010998 2
12 975541011001 2
12 975541011006 2
12 975541011009 2
12 975541011014 2
12 975541011017 2
12 975541011022 2
12 975541011025 2
12 975541011030 2
12 975541011033 2
12 975541011038 2
12 975541011041 2
12 975541011046 2
12 975541011049 2
12 975541011054 2
12 975541011057 2
12 975541011062 2
12 975541011065 2
12 975541011070 2
12 975541011201 2
12 975541011202 2
12 975541011209 2
12 975541011210 3
12 975541011217 2
12 975541011218 2
12 975541011225 2
12 975541011226 2
12 975541011233 2
12 975541011234 4
12 975541011241 2
12 975541011242 14
12 975541011249 2
12 975541011250 5
12 975541011257 2
12 975541011258 8
12 975541011265 2
12 975541011266 2
12 975541011273 2
12 975541011274 2
12 975541011281 2
12 975541011282 4
12 975541011289 2
12 975541011290 60
12 975541011297 2
12 975541011298 3
12 975541011305 2
12 975541011306 21
12 975541011313 2
12 975541011314 2
12 975541011321 2
12 975541011322 2
12 975541011329 2
12 975541011331 2
12 975541011337 2
12 975541011339 2
12 975541011345 2
12 975541011347 2
12 975541011353 2
12 975541011355 2
12 975541011361 2
12 975541011363 2
12 975541011369 2
12 975541011371 2
12 975541011377 2
12 975541011379 2
12 975541011385 2
12 975541011387 2
12 975541011393 2
12 975541011395 2
12 975541011401 2
12 975541011403 2
12 975541011409 11
12 975541011411 2
12 975541011417 8
12 975541011419 2
12 975541011425 6
12 975541011427 2
12 975541011433 2
12 975541011435 2
12 975541011441 2
12 975541011443 2
12 975541011449 2
12 975541011451 2
12 975541011457 2
12 975541011461 2
12 975541011465 2
12 975541011469 2
12 975541011473 2
12 975541011477 2
12 975541011481 2
12 975541011485 2
12 975541011489 2
12 975541011493 2
12 975541011497 2
12 975541011501 2
12 975541011505 2
12 975541011509 2
12 975541011513 2
12 975541011517 2
12 975541011521 2
12 975541011525 2
12 975541011529 2
12 975541011533 2
12 975541011537 2
12 975541011541 2
12 975541011545 2
12 975541011549 2
12 975541011553 2
12 975541011557 2
12 975541011561 2
12 975541011565 2
12 975541011569 2
12 975541011573 2
12 975541011577 2
12 975541011581 2
12 975541011585 2
12 975541011590 2
12 975541011593 2
12 975541011598 2
12 975541011601 2
12 975541011606 2
12 975541011609 2
12 975541011614 2
12 975541011617 6
12 975541011622 2
12 975541011625 17
12 975541011630 2
12 975541011633 7
12 975541011638 2
12 975541011641 17
12 975541011646 2
12 975541011649 2
12 975541011654 2
12 975541011657 2
12 975541011662 2
12 975541011665 2
12 975541011670 2
12 975541011673 2
12 975541011678 2
12 975541011681 6
12 975541011686 2
12 975541011689 4
12 975541011694 2
12 975541011697 15
12 975541011702 2
12 975541011705 4
12 975541011710 2
12 975541011841 25
12 975541011842 2
12 975541011846 2
12 975541011847 2
12 975541011849 16
12 975541011850 2
12 975541011854 2
12 975541011855 2
12 975541011857 6
12 975541011858 2
12 975541011862 2
12 975541011863 2
12 975541011865 6
12 975541011866 2
12 975541011870 2
12 975541011871 2
12 975541011873 8
12 975541011874 2
12 975541011878 2
12 975541011879 2
12 975541011881 6
12 975541011882 2
12 975541011886 2
12 975541011887 2
12 975541011889 16
12 975541011890 2
12 975541011894 2
12 975541011895 2
12 975541011897 6
12 975541011898 2
12 975541011902 2
12 975541011903 2
12 975541011905 6
12 975541011906 2
12 975541011910 2
12 975541011911 2
12 975541011913 6
12 975541011914 2
12 975541011918 2
12 975541011919 2
12 975541011921 6
12 975541011922 2
12 975541011926 2
12 975541011927 2
12 975541011929 6
12 975541011930 2
12 975541011934 2
12 975541011935 2
12 975541011937 9
12 975541011938 2
12 975541011942 2
12 975541011943 2
12 975541011945 9
12 975541011946 2
12 975541011950 2
12 975541011951 2
12 975541011953 6
12 975541011954 2
12 975541011958 2
12 975541011959 2
12 975541011961 6
12 975541011962 2
12 975541011966 2
12 975541011967 2
12 975541011969 2
12 975541011970 2
12 975541011977 2
12 975541011978 2
12 975541011985 2
12 975541011986 2
12 975541011993 2
12 975541011994 2
12 975541012001 2
12 975541012002 2
12 975541012009 2
12 975541012010 2
12 975541012017 2
12 975541012018 2
12 975541012025 2
12 975541012026 2
12 975541012033 2
12 975541012034 2
12 975541012041 2
12 975541012042 2
12 975541012049 2
12 975541012050 2
12 975541012057 2
12 975541012058 2
12 975541012065 2
12 975541012066 2
12 975541012073 2
12 975541012074 2
12 975541012081 2
12 975541012082 2
12 975541012089 2
12 975541012090 2
12 975541012097 2
12 975541012099 2
12 975541012105 2
12 975541012107 2
12 975541012113 2
12 975541012115 2
12 975541012121 2
12 975541012123 2
12 975541012129 2
12 975541012131 2
12 975541012137 2
12 975541012139 2
12 975541012145 98
12 975541012147 2
12 975541012153 2
12 975541012155 2
12 975541012161 2
12 975541012163 2
12 975541012169 2
12 975541012171 2
12 975541012177 2
12 975541012179 2
12 975541012185 2
12 975541012187 2
12 975541012193 35
12 975541012195 2
12 975541012201 2
12 975541012203 2
12 975541012209 2
12 975541012211 2
12 975541012217 2
12 975541012219 2
12 975541012225 4
12 975541012229 2
12 975541012230 2
12 975541012233 4
12 975541012237 2
12 975541012238 2
12 975541012241 4
12 975541012245 2
12 975541012246 2
12 975541012249 4
12 975541012253 2
12 975541012254 2
12 975541012257 4
12 975541012261 2
12 975541012262 2
12 975541012265 4
12 975541012269 2
12 975541012270 2
12 975541012273 4
12 975541012277 2
12 975541012278 2
12 975541012281 4
12 975541012285 2
12 975541012286 2
12 975541012289 62
12 975541012293 2
12 975541012294 2
12 975541012297 4
12 975541012301 2
12 975541012302 2
12 975541012305 4
12 975541012309 2
12 975541012310 2
12 975541012313 4
12 975541012317 2
12 975541012318 2
12 975541012321 4
12 975541012325 2
12 975541012326 2
12 975541012329 4
12 975541012333 2
12 975541012334 2
12 975541012337 4
12 975541012341 2
12 975541012342 2
12 975541012345 4
12 975541012349 2
12 975541012350 2
14 975541010946 4
14 975541010954 4
14 975541010962 4
14 975541010970 4
14 975541010978 4
14 975541010986 4
14 975541010994 4
14 975541011002 4
14 975541011010 4
14 975541011018 4
14 975541011026 4
14 975541011034 4
14 975541011042 4
14 975541011050 4
14 975541011058 4
14 975541011066 4
14 975541011074 2
14 975541011082 2
14 975541011090 2
14 975541011098 2
14 975541011106 2
14 975541011114 2
14 975541011122 2
14 975541011130 2
14 975541011138 2
14 975541011146 2
14 975541011154 2
14 975541011162 2
14 975541011170 2
14 975541011178 2
14 975541011186 2
14 975541011194 2
15 975541010947 8
15 975541010948 4
15 975541010949 2
15 975541010950 2
15 975541010951 2
15 975541010955 8
15 975541010956 4
15 975541010957 2
15 975541010958 2
15 975541010959 2
15 975541010963 8
15 975541010964 4
15 975541010965 2
15 975541010966 2
15 975541010967 16
15 975541010971 8
15 975541010972 4
15 975541010973 9
15 975541010974 2
15 975541010975 5
15 975541010979 11
15 975541010980 4
15 975541010981 4
15 975541010982 2
15 975541010983 9
15 975541010987 19
15 975541010988 4
15 975541010989 12
15 975541010990 2
15 975541010991 2
15 975541010995 13
15 975541010996 4
15 975541010997 11
15 975541010998 2
15 975541010999 3
15 975541011003 20
15 975541011004 4
15 975541011005 2
15 975541011006 2
15 975541011007 2
15 975541011011 11
15 975541011012 4
15 975541011013 2
15 975541011014 2
15 975541011015 9
15 975541011019 11
15 975541011020 4
15 975541011021 2
15 975541011022 2
15 975541011023 4
15 975541011027 8
15 975541011028 4
15 975541011029 30
15 975541011030 2
15 975541011031 16
15 975541011035 8
15 975541011036 4
15 975541011037 3
15 975541011038 2
15 975541011039 2
15 975541011043 12
15 975541011044 4
15 975541011045 3
15 975541011046 2
15 975541011047 2
15 975541011051 8
15 975541011052 4
15 975541011053 7
15 975541011054 2
15 975541011055 2
15 975541011059 8
15 975541011060 4
15 975541011061 6
15 975541011062 2
15 975541011063 11
15 975541011067 14
15 975541011068 4
15 975541011069 4
15 975541011070 2
15 975541011071 3
15 975541011074 11
15 975541011076 2
15 975541011082 2
15 975541011084 2
15 975541011090 2
15 975541011092 2
15 975541011098 2
15 975541011100 2
15 975541011106 2
15 975541011108 2
15 975541011114 2
15 975541011116 2
15 975541011122 2
15 975541011124 2
15 975541011130 2
15 975541011132 2
15 975541011138 2
15 975541011140 2
15 975541011146 2
15 975541011148 2
15 975541011154 2
15 975541011156 2
15 975541011162 2
15 975541011164 2
15 975541011170 2
15 975541011172 2
15 975541011178 2
15 975541011180 2
15 975541011186 2
15 975541011188 2
15 975541011194 2
15 975541011196 2
15 975541011202 2
15 975541011206 2
15 975541011210 2
15 975541011214 2
15 975541011218 2
15 975541011222 2
15 975541011226 2
15 975541011230 2
15 975541011234 2
15 975541011238 2
15 975541011242 2
15 975541011246 2
15 975541011250 2
15 975541011254 2
15 975541011258 2
15 975541011262 2
15 975541011266 2
15 975541011270 2
15 975541011274 2
15 975541011278 2
15 975541011282 2
15 975541011286 2
15 975541011290 2
15 975541011294 2
15 975541011298 2
15 975541011302 2
15 975541011306 2
15 975541011310 2
15 975541011314 2
15 975541011318 2
15 975541011322 2
15 975541011326 2
15 975541011458 2
15 975541011459 2
15 975541011466 2
15 975541011467 2
15 975541011474 2
15 975541011475 2
15 975541011482 2
15 975541011483 2
15 975541011490 2
15 975541011491 2
15 975541011498 6
15 975541011499 2
15 975541011506 2
15 975541011507 2
15 975541011514 2
15 975541011515 2
15 975541011522 7
15 975541011523 2
15 975541011530 12
15 975541011531 2
15 975541011538 2
15 975541011539 2
15 975541011546 2
15 975541011547 2
15 975541011554 7
15 975541011555 2
15 975541011562 10
15 975541011563 2
15 975541011570 17
15 975541011571 2
15 975541011578 9
15 975541011579 2
15 975541011586 9
15 975541011589 2
15 975541011594 2
15 975541011597 2
15 975541011602 5
15 975541011605 2
15 975541011610 10
15 975541011613 2
15 975541011618 2
15 975541011621 2
15 975541011626 31
15 975541011629 2
15 975541011634 3
15 975541011637 2
15 975541011642 8
15 975541011645 2
15 975541011650 2
15 975541011653 2
15 975541011658 25
15 975541011661 2
15 975541011666 2
15 975541011669 2
15 975541011674 20
15 975541011677 2
15 975541011682 3
15 975541011685 2
15 975541011690 2
15 975541011693 2
15 975541011698 3
15 975541011701 2
15 975541011706 2
15 975541011709 2
15 975541011714 9
15 975541011719 2
15 975541011722 2
15 975541011727 2
15 975541011730 2
15 975541011735 2
15 975541011738 9
15 975541011743 2
15 975541011746 22
15 975541011751 2
15 975541011754 9
15 975541011759 2
15 975541011762 2
15 975541011767 2
15 975541011770 4
15 975541011775 2
15 975541011778 11
15 975541011783 2
15 975541011786 5
15 975541011791 2
15 975541011794 33
15 975541011799 2
15 975541011802 2
15 975541011807 2
15 975541011810 15
15 975541011815 2
15 975541011818 8
15 975541011823 2
15 975541011826 5
15 975541011831 2
15 975541011834 2
15 975541011839 2
15 975541011970 2
15 975541011971 2
15 975541011978 15
15 975541011979 2
15 975541011986 2
15 975541011987 2
15 975541011994 2
15 975541011995 2
15 975541012002 5
15 975541012003 2
15 975541012010 6
15 975541012011 2
15 975541012018 40
15 975541012019 2
15 975541012026 2
15 975541012027 2
15 975541012034 2
15 975541012035 2
15 975541012042 2
15 975541012043 2
15 975541012050 11
15 975541012051 2
15 975541012058 4
15 975541012059 2
15 975541012066 4
15 975541012067 2
15 975541012074 3
15 975541012075 2
15 975541012082 58
15 975541012083 2
15 975541012090 14
15 975541012091 2
15 975541012098 2
15 975541012100 2
15 975541012106 2
15 975541012108 2
15 975541012114 2
15 975541012116 2
15 975541012122 2
15 975541012124 2
15 975541012130 2
15 975541012132 2
15 975541012138 2
15 975541012140 2
15 975541012146 2
15 975541012148 2
15 975541012154 2
15 975541012156 2
15 975541012162 2
15 975541012164 2
15 975541012170 2
15 975541012172 2
15 975541012178 2
15 975541012180 2
15 975541012186 2
15 975541012188 2
15 975541012194 2
15 975541012196 2
15 975541012202 2
15 975541012204 2
15 975541012210 2
15 975541012212 2
15 975541012218 2
15 975541012220 2
15 975541012354 4
15 975541012355 4
15 975541012362 4
15 975541012363 4
15 975541012370 4
15 975541012371 4
15 975541012378 4
15 975541012379 4
15 975541012386 4
15 975541012387 4
15 975541012394 4
15 975541012395 4
15 975541012402 4
15 975541012403 4
15 975541012410 4
15 975541012411 4
15 975541012418 4
15 975541012419 4
15 975541012426 4
15 975541012427 4
15 975541012434 4
15 975541012435 4
15 975541012442 4
15 975541012443 4
15 975541012450 4
15 975541012451 4
15 975541012458 4
15 975541012459 4
15 975541012466 4
15 975541012467 4
15 975541012474 4
15 975541012475 4
18 975541011075 6
18 975541011077 2
18 975541011078 6
18 975541011083 11
18 975541011085 2
18 975541011086 6
18 975541011091 6
18 975541011093 2
18 975541011094 7
18 975541011099 6
18 975541011101 2
18 975541011102 6
18 975541011107 8
18 975541011109 2
18 975541011110 6
18 975541011115 11
18 975541011117 2
18 975541011118 6
18 975541011123 6
18 975541011125 2
18 975541011126 20
18 975541011131 6
18 975541011133 2
18 975541011134 8
18 975541011139 45
18 975541011141 2
18 975541011142 6
18 975541011147 15
18 975541011149 2
18 975541011150 6
18 975541011155 6
18 975541011157 2
18 975541011158 21
18 975541011163 6
18 975541011165 2
18 975541011166 22
18 975541011171 6
18 975541011173 2
18 975541011174 6
18 975541011179 6
18 975541011181 2
18 975541011182 6
18 975541011187 8
18 975541011189 2
18 975541011190 6
18 975541011195 6
18 975541011197 2
18 975541011198 6
18 975541011202 2
18 975541011203 2
18 975541011210 2
18 975541011211 2
18 975541011218 2
18 975541011219 2
18 975541011226 2
18 975541011227 2
18 975541011234 2
18 975541011235 2
18 975541011242 2
18 975541011243 2
18 975541011250 2
18 975541011251 2
18 975541011258 2
18 975541011259 2
18 975541011266 2
18 975541011267 2
18 975541011274 2
18 975541011275 2
18 975541011282 2
18 975541011283 2
18 975541011290 2
18 975541011291 2
18 975541011298 2
18 975541011299 2
18 975541011306 2
18 975541011307 2
18 975541011314 2
18 975541011315 2
18 975541011322 2
18 975541011323 2
18 975541011330 2
18 975541011334 2
18 975541011338 2
18 975541011342 2
18 975541011346 2
18 975541011350 2
18 975541011354 2
18 975541011358 2
18 975541011362 2
18 975541011366 2
18 975541011370 2
18 975541011374 2
18 975541011378 2
18 975541011382 2
18 975541011386 2
18 975541011390 2
18 975541011394 2
18 975541011398 2
18 975541011402 2
18 975541011406 2
18 975541011410 2
18 975541011414 2
18 975541011418 2
18 975541011422 2
18 975541011426 2
18 975541011430 2
18 975541011434 2
18 975541011438 2
18 975541011442 2
18 975541011446 2
18 975541011450 31
18 975541011454 2
18 975541011586 2
18 975541011587 2
18 975541011594 2
18 975541011595 2
18 975541011602 2
18 975541011603 2
18 975541011610 2
18 975541011611 2
18 975541011618 2
18 975541011619 2
18 975541011626 2
18 975541011627 2
18 975541011634 3
18 975541011635 2
18 975541011642 2
18 975541011643 2
18 975541011650 2
18 975541011651 2
18 975541011658 2
18 975541011659 2
18 975541011666 2
18 975541011667 2
18 975541011674 2
18 975541011675 2
18 975541011682 2
18 975541011683 2
18 975541011690 2
18 975541011691 2
18 975541011698 4
18 975541011699 2
18 975541011706 18
18 975541011707 2
18 975541011714 19
18 975541011718 2
18 975541011722 2
18 975541011726 2
18 975541011730 2
18 975541011734 2
18 975541011738 2
18 975541011742 2
18 975541011746 2
18 975541011750 2
18 975541011754 2
18 975541011758 2
18 975541011762 2
18 975541011766 2
18 975541011770 2
18 975541011774 48
18 975541011778 38
18 975541011782 2
18 975541011786 5
18 975541011790 2
18 975541011794 12
18 975541011798 2
18 975541011802 13
18 975541011806 2
18 975541011810 2
18 975541011814 2
18 975541011818 2
18 975541011822 2
18 975541011826 16
18 975541011830 2
18 975541011834 7
18 975541011838 2
18 975541011970 2
18 975541011971 2
18 975541011978 2
18 975541011979 2
18 975541011986 2
18 975541011987 2
18 975541011994 11
18 975541011995 2
18 975541012002 2
18 975541012003 2
18 975541012010 2
18 975541012011 2
18 975541012018 2
18 975541012019 2
18 975541012026 2
18 975541012027 2
18 975541012034 2
18 975541012035 2
18 975541012042 2
18 975541012043 2
18 975541012050 2
18 975541012051 2
18 975541012058 2
18 975541012059 2
18 975541012066 67
18 975541012067 2
18 975541012074 2
18 975541012075 2
18 975541012082 2
18 975541012083 2
18 975541012090 2
18 975541012091 2
18 975541012098 2
18 975541012102 2
18 975541012106 2
18 975541012110 2
18 975541012114 2
18 975541012118 2
18 975541012122 2
18 975541012126 2
18 975541012130 2
18 975541012134 2
18 975541012138 2
18 975541012142 2
18 975541012146 2
18 975541012150 2
18 975541012154 7
18 975541012158 2
18 975541012162 2
18 975541012166 2
18 975541012170 2
18 975541012174 2
18 975541012178 11
18 975541012182 2
18 975541012186 2
18 975541012190 2
18 975541012194 2
18 975541012198 2
18 975541012202 2
18 975541012206 2
18 975541012210 2
18 975541012214 2
18 975541012218 2
18 975541012222 2
18 975541012354 2
18 975541012357 2
18 975541012362 2
18 975541012365 2
18 975541012370 2
18 975541012373 2
18 975541012378 2
18 975541012381 2
18 975541012386 2
18 975541012389 2
18 975541012394 2
18 975541012397 2
18 975541012402 2
18 975541012405 2
18 975541012410 2
18 975541012413 2
18 975541012418 2
18 975541012421 2
18 975541012426 2
18 975541012429 2
18 975541012434 2
18 975541012437 2
18 975541012442 2
18 975541012445 2
18 975541012450 2
18 975541012453 2
18 975541012458 2
18 975541012461 2
18 975541012466 2
18 975541012469 2
18 975541012474 2
18 975541012477 2
20 975541011203 2
20 975541011207 2
20 975541011211 2
20 975541011215 2
20 975541011219 2
20 975541011223 2
20 975541011227 2
20 975541011231 2
20 975541011235 2
20 975541011239 2
20 975541011243 2
20 975541011247 2
20 975541011251 2
20 975541011255 2
20 975541011259 2
20 975541011263 2
20 975541011267 2
20 975541011271 2
20 975541011275 2
20 975541011279 2
20 975541011283 2
20 975541011287 2
20 975541011291 2
20 975541011295 2
20 975541011299 2
20 975541011303 2
20 975541011307 2
20 975541011311 2
20 975541011315 2
20 975541011319 2
20 975541011323 2
20 975541011327 2
20 975541012227 2
20 975541012235 2
20 975541012243 2
20 975541012251 2
20 975541012259 2
20 975541012267 2
20 975541012275 2
20 975541012283 2
20 975541012291 2
20 975541012299 2
20 975541012307 2
20 975541012315 2
20 975541012323 2
20 975541012331 2
20 975541012339 2
20 975541012347 2
21 975541011204 4
21 975541011205 4
21 975541011207 2
21 975541011212 4
21 975541011213 4
21 975541011215 2
21 975541011220 4
21 975541011221 4
21 975541011223 2
21 975541011228 4
21 975541011229 4
21 975541011231 2
21 975541011236 4
21 975541011237 4
21 975541011239 2
21 975541011244 4
21 975541011245 4
21 975541011247 14
21 975541011252 4
21 975541011253 4
21 975541011255 2
21 975541011260 4
21 975541011261 4
21 975541011263 2
21 975541011268 4
21 975541011269 4
21 975541011271 2
21 975541011276 4
21 975541011277 4
21 975541011279 2
21 975541011284 4
21 975541011285 4
21 975541011287 2
21 975541011292 4
21 975541011293 4
21 975541011295 2
21 975541011300 4
21 975541011301 4
21 975541011303 2
21 975541011308 4
21 975541011309 4
21 975541011311 2
21 975541011316 4
21 975541011317 4
21 975541011319 2
21 975541011324 4
21 975541011325 4
21 975541011327 2
21 975541011459 4
21 975541011461 2
21 975541011467 2
21 975541011469 2
21 975541011475 2
21 975541011477 2
21 975541011483 2
21 975541011485 2
21 975541011491 2
21 975541011493 2
21 975541011499 2
21 975541011501 2
21 975541011507 2
21 975541011509 2
21 975541011515 2
21 975541011517 2
21 975541011523 2
21 975541011525 2
21 975541011531 2
21 975541011533 2
21 975541011539 2
21 975541011541 2
21 975541011547 2
21 975541011549 2
21 975541011555 2
21 975541011557 2
21 975541011563 2
21 975541011565 2
21 975541011571 2
21 975541011573 2
21 975541011579 2
21 975541011581 2
21 975541011715 2
21 975541011716 2
21 975541011723 2
21 975541011724 2
21 975541011731 2
21 975541011732 2
21 975541011739 2
21 975541011740 2
21 975541011747 2
21 975541011748 2
21 975541011755 2
21 975541011756 2
21 975541011763 2
21 975541011764 2
21 975541011771 2
21 975541011772 2
21 975541011779 2
21 975541011780 2
21 975541011787 2
21 975541011788 2
21 975541011795 2
21 975541011796 2
21 975541011803 2
21 975541011804 2
21 975541011811 2
21 975541011812 2
21 975541011819 2
21 975541011820 2
21 975541011827 2
21 975541011828 2
21 975541011835 2
21 975541011836 2
21 975541011843 2
21 975541011847 2
21 975541011851 2
21 975541011855 2
21 975541011859 2
21 975541011863 2
21 975541011867 2
21 975541011871 2
21 975541011875 2
21 975541011879 2
21 975541011883 2
21 975541011887 2
21 975541011891 2
21 975541011895 2
21 975541011899 2
21 975541011903 2
21 975541011907 2
21 975541011911 2
21 975541011915 2
21 975541011919 2
21 975541011923 2
21 975541011927 2
21 975541011931 2
21 975541011935 2
21 975541011939 2
21 975541011943 2
21 975541011947 2
21 975541011951 2
21 975541011955 2
21 975541011959 2
21 975541011963 2
21 975541011967 2
21 975541012099 2
21 975541012101 2
21 975541012107 2
21 975541012109 2
21 975541012115 2
21 975541012117 2
21 975541012123 2
21 975541012125 2
21 975541012131 2
21 975541012133 2
21 975541012139 2
21 975541012141 2
21 975541012147 2
21 975541012149 2
21 975541012155 2
21 975541012157 2
21 975541012163 2
21 975541012165 2
21 975541012171 2
21 975541012173 2
21 975541012179 2
21 975541012181 2
21 975541012187 2
21 975541012189 2
21 975541012195 2
21 975541012197 2
21 975541012203 2
21 975541012205 2
21 975541012211 2
21 975541012213 2
21 975541012219 2
21 975541012221 2
21 975541012355 2
21 975541012356 2
21 975541012363 2
21 975541012364 2
21 975541012371 2
21 975541012372 2
21 975541012379 2
21 975541012380 2
21 975541012387 2
21 975541012388 2
21 975541012395 2
21 975541012396 2
21 975541012403 2
21 975541012404 2
21 975541012411 2
21 975541012412 2
21 975541012419 2
21 975541012420 2
21 975541012427 2
21 975541012428 2
21 975541012435 2
21 975541012436 2
21 975541012443 2
21 975541012444 2
21 975541012451 101
21 975541012452 2
21 975541012459 2
21 975541012460 2
21 975541012467 2
21 975541012468 2
21 975541012475 2
21 975541012476 2
23 975541011331 2
23 975541011335 2
23 975541011339 2
23 975541011343 2
23 975541011347 2
23 975541011351 2
23 975541011355 2
23 975541011359 2
23 975541011363 2
23 975541011367 2
23 975541011371 2
23 975541011375 2
23 975541011379 2
23 975541011383 2
23 975541011387 2
23 975541011391 2
23 975541011395 2
23 975541011399 2
23 975541011403 2
23 975541011407 2
23 975541011411 2
23 975541011415 2
23 975541011419 2
23 975541011423 2
23 975541011427 2
23 975541011431 2
23 975541011435 2
23 975541011439 2
23 975541011443 2
23 975541011447 2
23 975541011451 2
23 975541011455 2
23 975541012227 2
23 975541012235 2
23 975541012243 2
23 975541012251 2
23 975541012259 2
23 975541012267 2
23 975541012275 2
23 975541012283 2
23 975541012291 2
23 975541012299 2
23 975541012307 2
23 975541012315 2
23 975541012323 2
23 975541012331 2
23 975541012339 2
23 975541012347 2
24 975541011333 4
24 975541011334 4
24 975541011341 4
24 975541011342 4
24 975541011349 4
24 975541011350 4
24 975541011357 4
24 975541011358 4
24 975541011365 4
24 975541011366 4
24 975541011373 4
24 975541011374 4
24 975541011381 4
24 975541011382 4
24 975541011389 4
24 975541011390 4
24 975541011397 4
24 975541011398 4
24 975541011405 4
24 975541011406 4
24 975541011413 4
24 975541011414 4
24 975541011421 4
24 975541011422 4
24 975541011429 4
24 975541011430 12
24 975541011437 4
24 975541011438 4
24 975541011445 4
24 975541011446 4
24 975541011453 4
24 975541011454 4
24 975541011587 2
24 975541011590 2
24 975541011595 2
24 975541011598 2
24 975541011603 2
24 975541011606 2
24 975541011611 2
24 975541011614 2
24 975541011619 2
24 975541011622 2
24 975541011627 2
24 975541011630 2
24 975541011635 2
24 975541011638 2
24 975541011643 2
24 975541011646 2
24 975541011651 2
24 975541011654 2
24 975541011659 2
24 975541011662 2
24 975541011667 2
24 975541011670 2
24 975541011675 2
24 975541011678 2
24 975541011683 2
24 975541011686 2
24 975541011691 2
24 975541011694 2
24 975541011699 2
24 975541011702 2
24 975541011707 2
24 975541011710 2
24 975541011843 2
24 975541011846 2
24 975541011851 2
24 975541011854 2
24 975541011859 2
24 975541011862 2
24 975541011867 2
24 975541011870 2
24 975541011875 2
24 975541011878 2
24 975541011883 2
24 975541011886 2
24 975541011891 2
24 975541011894 2
24 975541011899 2
24 975541011902 2
24 975541011907 2
24 975541011910 2
24 975541011915 2
24 975541011918 2
24 975541011923 2
24 975541011926 2
24 975541011931 2
24 975541011934 2
24 975541011939 2
24 975541011942 2
24 975541011947 2
24 975541011950 2
24 975541011955 2
24 975541011958 2
24 975541011963 2
24 975541011966 2
24 975541012099 2
24 975541012101 2
24 975541012107 2
24 975541012109 2
24 975541012115 2
24 975541012117 2
24 975541012123 2
24 975541012125 2
24 975541012131 2
24 975541012133 2
24 975541012139 2
24 975541012141 2
24 975541012147 2
24 975541012149 2
24 975541012155 2
24 975541012157 2
24 975541012163 2
24 975541012165 2
24 975541012171 2
24 975541012173 2
24 975541012179 2
24 975541012181 2
24 975541012187 2
24 975541012189 2
24 975541012195 2
24 975541012197 2
24 975541012203 2
24 975541012205 2
24 975541012211 2
24 975541012213 2
24 975541012219 2
24 975541012221 2
24 975541012355 2
24 975541012357 2
24 975541012363 2
24 975541012365 2
24 975541012371 2
24 975541012373 2
24 975541012379 2
24 975541012381 2
24 975541012387 2
24 975541012389 2
24 975541012395 2
24 975541012397 2
24 975541012403 2
24 975541012405 2
24 975541012411 2
24 975541012413 2
24 975541012419 2
24 975541012421 2
24 975541012427 2
24 975541012429 2
24 975541012435 2
24 975541012437 2
24 975541012443 45
24 975541012445 2
24 975541012451 2
24 975541012453 2
24 975541012459 2
24 975541012461 2
24 975541012467 2
24 975541012469 2
24 975541012475 2
24 975541012477 2
27 975541011461 4
27 975541011462 4
27 975541011469 4
27 975541011470 4
27 975541011477 4
27 975541011478 4
27 975541011485 4
27 975541011486 4
27 975541011493 4
27 975541011494 4
27 975541011501 4
27 975541011502 4
27 975541011509 4
27 975541011510 4
27 975541011517 4
27 975541011518 41
27 975541011525 4
27 975541011526 4
27 975541011533 4
27 975541011534 4
27 975541011541 4
27 975541011542 4
27 975541011549 4
27 975541011550 4
27 975541011557 4
27 975541011558 4
27 975541011565 4
27 975541011566 4
27 975541011573 4
27 975541011574 4
27 975541011581 4
27 975541011582 4
27 975541011588 2
27 975541011589 2
27 975541011596 2
27 975541011597 2
27 975541011604 2
27 975541011605 2
27 975541011612 2
27 975541011613 2
27 975541011620 2
27 975541011621 2
27 975541011628 2
27 975541011629 2
27 975541011636 2
27 975541011637 2
27 975541011644 2
27 975541011645 2
27 975541011652 2
27 975541011653 2
27 975541011660 2
27 975541011661 2
27 975541011668 2
27 975541011669 2
27 975541011676 2
27 975541011677 2
27 975541011684 2
27 975541011685 2
27 975541011692 2
27 975541011693 2
27 975541011700 2
27 975541011701 2
27 975541011708 2
27 975541011709 2
27 975541011844 2
27 975541011845 2
27 975541011852 2
27 975541011853 2
27 975541011860 2
27 975541011861 2
27 975541011868 2
27 975541011869 2
27 975541011876 2
27 975541011877 2
27 975541011884 2
27 975541011885 2
27 975541011892 2
27 975541011893 2
27 975541011900 2
27 975541011901 2
27 975541011908 2
27 975541011909 2
27 975541011916 2
27 975541011917 2
27 975541011924 2
27 975541011925 2
27 975541011932 2
27 975541011933 2
27 975541011940 2
27 975541011941 2
27 975541011948 2
27 975541011949 2
27 975541011956 2
27 975541011957 2
27 975541011964 2
27 975541011965 2
27 975541012100 2
27 975541012102 2
27 975541012108 2
27 975541012110 2
27 975541012116 2
27 975541012118 2
27 975541012124 2
27 975541012126 2
27 975541012132 2
27 975541012134 2
27 975541012140 2
27 975541012142 2
27 975541012148 2
27 975541012150 2
27 975541012156 2
27 975541012158 2
27 975541012164 2
27 975541012166 2
27 975541012172 2
27 975541012174 2
27 975541012180 2
27 975541012182 2
27 975541012188 2
27 975541012190 2
27 975541012196 2
27 975541012198 2
27 975541012204 38
27 975541012206 2
27 975541012212 2
27 975541012214 2
27 975541012220 2
27 975541012222 2
27 975541012356 2
27 975541012358 2
27 975541012364 2
27 975541012366 2
27 975541012372 2
27 975541012374 2
27 975541012380 38
27 975541012382 2
27 975541012388 2
27 975541012390 2
27 975541012396 2
27 975541012398 2
27 975541012404 2
27 975541012406 2
27 975541012412 2
27 975541012414 2
27 975541012420 2
27 975541012422 2
27 975541012428 2
27 975541012430 2
27 975541012436 2
27 975541012438 2
27 975541012444 2
27 975541012446 2
27 975541012452 2
27 975541012454 2
27 975541012460 2
27 975541012462 2
27 975541012468 2
27 975541012470 2
27 975541012476 2
27 975541012478 2
30 975541011590 2
30 975541011591 4
30 975541011598 2
30 975541011599 4
30 975541011606 2
30 975541011607 4
30 975541011614 2
30 975541011615 4
30 975541011622 2
30 975541011623 4
30 975541011630 2
30 975541011631 4
30 975541011638 2
30 975541011639 4
30 975541011646 2
30 975541011647 4
30 975541011654 2
30 975541011655 7
30 975541011662 2
30 975541011663 4
30 975541011670 2
30 975541011671 4
30 975541011678 2
30 975541011679 4
30 975541011686 2
30 975541011687 4
30 975541011694 2
30 975541011695 4
30 975541011702 2
30 975541011703 4
30 975541011710 2
30 975541011711 4
30 975541011716 2
30 975541011719 2
30 975541011724 2
30 975541011727 2
30 975541011732 2
30 975541011735 2
30 975541011740 2
30 975541011743 2
30 975541011748 2
30 975541011751 2
30 975541011756 2
30 975541011759 2
30 975541011764 2
30 975541011767 2
30 975541011772 2
30 975541011775 2
30 975541011780 2
30 975541011783 2
30 975541011788 2
30 975541011791 2
30 975541011796 2
30 975541011799 2
30 975541011804 2
30 975541011807 2
30 975541011812 2
30 975541011815 2
30 975541011820 2
30 975541011823 2
30 975541011828 2
30 975541011831 2
30 975541011836 2
30 975541011839 2
30 975541012100 2
30 975541012102 2
30 975541012108 2
30 975541012110 2
30 975541012116 2
30 975541012118 2
30 975541012124 2
30 975541012126 2
30 975541012132 2
30 975541012134 2
30 975541012140 2
30 975541012142 2
30 975541012148 2
30 975541012150 2
30 975541012156 2
30 975541012158 2
30 975541012164 2
30 975541012166 2
30 975541012172 2
30 975541012174 2
30 975541012180 2
30 975541012182 2
30 975541012188 2
30 975541012190 2
30 975541012196 2
30 975541012198 2
30 975541012204 2
30 975541012206 2
30 975541012212 2
30 975541012214 2
30 975541012220 2
30 975541012222 2
30 975541012356 2
30 975541012359 2
30 975541012364 2
30 975541012367 2
30 975541012372 2
30 975541012375 2
30 975541012380 2
30 975541012383 2
30 975541012388 2
30 975541012391 2
30 975541012396 2
30 975541012399 2
30 975541012404 2
30 975541012407 2
30 975541012412 2
30 975541012415 2
30 975541012420 25
30 975541012423 2
30 975541012428 21
30 975541012431 2
30 975541012436 2
30 975541012439 2
30 975541012444 2
30 975541012447 2
30 975541012452 2
30 975541012455 2
30 975541012460 2
30 975541012463 2
30 975541012468 2
30 975541012471 2
30 975541012476 2
30 975541012479 2
33 975541011719 4
33 975541011727 4
33 975541011735 4
33 975541011743 4
33 975541011751 4
33 975541011759 4
33 975541011767 4
33 975541011775 4
33 975541011783 4
33 975541011791 4
33 975541011799 4
33 975541011807 4
33 975541011815 4
33 975541011823 4
33 975541011831 4
33 975541011839 4
33 975541011973 2
33 975541011975 2
33 975541011981 2
33 975541011983 2
33 975541011989 2
33 975541011991 2
33 975541011997 2
33 975541011999 2
33 975541012005 2
33 975541012007 2
33 975541012013 2
33 975541012015 2
33 975541012021 2
33 975541012023 2
33 975541012029 2
33 975541012031 2
33 975541012037 2
33 975541012039 2
33 975541012045 2
33 975541012047 2
33 975541012053 2
33 975541012055 2
33 975541012061 2
33 975541012063 2
33 975541012069 2
33 975541012071 2
33 975541012077 2
33 975541012079 2
33 975541012085 2
33 975541012087 2
33 975541012093 2
33 975541012095 2
33 975541012357 2
33 975541012359 2
33 975541012365 2
33 975541012367 2
33 975541012373 2
33 975541012375 2
33 975541012381 2
33 975541012383 2
33 975541012389 2
33 975541012391 2
33 975541012397 2
33 975541012399 2
33 975541012405 2
33 975541012407 2
33 975541012413 2
33 975541012415 2
33 975541012421 2
33 975541012423 2
33 975541012429 2
33 975541012431 2
33 975541012437 2
33 975541012439 2
33 975541012445 2
33 975541012447 2
33 975541012453 2
33 975541012455 2
33 975541012461 2
33 975541012463 2
33 975541012469 2
33 975541012471 2
33 975541012477 2
33 975541012479 2
36 975541011846 2
36 975541011854 2
36 975541011862 2
36 975541011870 2
36 975541011878 2
36 975541011886 2
36 975541011894 2
36 975541011902 2
36 975541011910 2
36 975541011918 2
36 975541011926 2
36 975541011934 2
36 975541011942 2
36 975541011950 2
36 975541011958 2
36 975541011966 2
36 975541012229 2
36 975541012230 2
36 975541012237 2
36 975541012238 2
36 975541012245 2
36 975541012246 2
36 975541012253 2
36 975541012254 2
36 975541012261 2
36 975541012262 2
36 975541012269 2
36 975541012270 2
36 975541012277 2
36 975541012278 2
36 975541012285 2
36 975541012286 2
36 975541012293 2
36 975541012294 2
36 975541012301 2
36 975541012302 2
36 975541012309 2
36 975541012310 2
36 975541012317 2
36 975541012318 2
36 975541012325 2
36 975541012326 2
36 975541012333 2
36 975541012334 2
36 975541012341 2
36 975541012342 2
36 975541012349 2
36 975541012350 2
39 975541011974 2
39 975541011982 2
39 975541011990 2
39 975541011998 2
39 975541012006 2
39 975541012014 2
39 975541012022 2
39 975541012030 2
39 975541012038 2
39 975541012046 2
39 975541012054 2
39 975541012062 2
39 975541012070 2
39 975541012078 2
39 975541012086 2
39 975541012094 2
39 975541012230 4
39 975541012238 4
39 975541012246 4
39 975541012254 4
39 975541012262 4
39 975541012270 4
39 975541012278 4
39 975541012286 4
39 975541012294 4
39 975541012302 4
39 975541012310 4
39 975541012318 4
39 975541012326 4
39 975541012334 4
39 975541012342 4
39 975541012350 4
45 975541012231 2
45 975541012239 2
45 975541012247 2
45 975541012255 2
45 975541012263 2
45 975541012271 2
45 975541012279 2
45 975541012287 2
45 975541012295 2
45 975541012303 2
45 975541012311 2
45 975541012319 2
45 975541012327 2
45 975541012335 2
45 975541012343 2
45 975541012351 2
45 975541012359 4
45 975541012367 4
45 975541012375 4
45 975541012383 4
45 975541012391 4
45 975541012399 4
45 975541012407 4
45 975541012415 4
45 975541012423 4
45 975541012431 4
45 975541012439 4
45 975541012447 4
45 975541012455 4
45 975541012463 4
45 975541012471 4
45 975541012479 4
