2 975541010432 2
2 975541010437 2
2 975541010440 2
2 975541010445 2
2 975541010448 2
2 975541010453 2
2 975541010456 2
2 975541010461 2
2 975541010464 2
2 975541010469 2
2 975541010472 2
2 975541010477 2
2 975541010480 2
2 975541010485 2
2 975541010488 2
2 975541010493 2
2 975541010496 2
2 975541010501 2
2 975541010504 2
2 975541010509 2
2 975541010512 2
2 975541010517 2
2 975541010520 2
2 975541010525 2
2 975541010528 2
2 975541010533 2
2 975541010536 2
2 975541010541 2
2 975541010544 2
2 975541010549 2
2 975541010552 2
2 975541010557 2
2 975541011712 2
2 975541011720 2
2 975541011728 2
2 975541011736 2
2 975541011744 2
2 975541011752 2
2 975541011760 2
2 975541011768 2
2 975541011776 2
2 975541011784 2
2 975541011792 2
2 975541011800 2
2 975541011808 2
2 975541011816 2
2 975541011824 2
2 975541011832 2
3 975541010432 2
3 975541010433 6
3 975541010434 2
3 975541010435 2
3 975541010437 29
3 975541010438 4
3 975541010439 2
3 975541010440 2
3 975541010441 6
3 975541010442 2
3 975541010443 2
3 975541010445 14
3 975541010446 4
3 975541010447 2
3 975541010448 2
3 975541010449 6
3 975541010450 2
3 975541010451 2
3 975541010453 14
3 975541010454 4
3 975541010455 2
3 975541010456 2
3 975541010457 6
3 975541010458 2
3 975541010459 2
3 975541010461 14
3 975541010462 4
3 975541010463 2
3 975541010464 2
3 975541010465 6
3 975541010466 2
3 975541010467 2
3 975541010469 14
3 975541010470 4
3 975541010471 2
3 975541010472 2
3 975541010473 6
3 975541010474 2
3 975541010475 2
3 975541010477 14
3 975541010478 4
3 975541010479 2
3 975541010480 2
3 975541010481 6
3 975541010482 2
3 975541010483 2
3 975541010485 14
3 975541010486 4
3 975541010487 2
3 975541010488 2
3 975541010489 6
3 975541010490 2
3 975541010491 2
3 975541010493 14
3 975541010494 4
3 975541010495 2
3 975541010496 2
3 975541010497 6
3 975541010498 2
3 975541010499 2
3 975541010501 14
3 975541010502 4
3 975541010503 2
3 975541010504 2
3 975541010505 101
3 975541010506 2
3 975541010507 2
3 975541010509 14
3 975541010510 4
3 975541010511 2
3 975541010512 2
3 975541010513 6
3 975541010514 2
3 975541010515 2
3 975541010517 14
3 975541010518 4
3 975541010519 2
3 975541010520 2
3 975541010521 6
3 975541010522 2
3 975541010523 2
3 975541010525 14
3 975541010526 4
3 975541010527 2
3 975541010528 2
3 975541010529 6
3 975541010530 2
3 975541010531 2
3 975541010533 14
3 975541010534 4
3 975541010535 2
3 975541010536 2
3 975541010537 6
3 975541010538 2
3 975541010539 2
3 975541010541 14
3 975541010542 4
3 975541010543 2
3 975541010544 2
3 975541010545 6
3 975541010546 2
3 975541010547 2
3 975541010549 14
3 975541010550 4
3 975541010551 2
3 975541010552 2
3 975541010553 6
3 975541010554 2
3 975541010555 2
3 975541010557 14
3 975541010558 4
3 975541010559 2
3 975541010560 2
3 975541010565 2
3 975541010568 2
3 975541010573 2
3 975541010576 2
3 975541010581 2
3 975541010584 2
3 975541010589 2
3 975541010592 2
3 975541010597 2
3 975541010600 2
3 975541010605 2
3 975541010608 2
3 975541010613 2
3 975541010616 2
3 975541010621 2
3 975541010624 2
3 975541010629 2
3 975541010632 2
3 975541010637 2
3 975541010640 2
3 975541010645 2
3 975541010648 2
3 975541010653 2
3 975541010656 2
3 975541010661 2
3 975541010664 2
3 975541010669 2
3 975541010672 2
3 975541010677 2
3 975541010680 2
3 975541010685 2
3 975541010688 2
3 975541010693 2
3 975541010696 2
3 975541010701 2
3 975541010704 2
3 975541010709 2
3 975541010712 2
3 975541010717 2
3 975541010720 2
3 975541010725 2
3 975541010728 2
3 975541010733 2
3 975541010736 2
3 975541010741 2
3 975541010744 2
3 975541010749 2
3 975541010752 2
3 975541010757 2
3 975541010760 2
3 975541010765 2
3 975541010768 2
3 975541010773 2
3 975541010776 2
3 975541010781 2
3 975541010784 2
3 975541010789 2
3 975541010792 2
3 975541010797 2
3 975541010800 2
3 975541010805 2
3 975541010808 2
3 975541010813 2
3 975541010816 2
3 975541010821 2
3 975541010824 2
3 975541010829 2
3 975541010832 2
3 975541010837 2
3 975541010840 2
3 975541010845 2
3 975541010848 2
3 975541010853 2
3 975541010856 2
3 975541010861 2
3 975541010864 2
3 975541010869 2
3 975541010872 2
3 975541010877 2
3 975541010880 2
3 975541010885 2
3 975541010888 2
3 975541010893 2
3 975541010896 2
3 975541010901 2
3 975541010904 2
3 975541010909 2
3 975541010912 2
3 975541010917 2
3 975541010920 2
3 975541010925 2
3 975541010928 2
3 975541010933 2
3 975541010936 2
3 975541010941 2
3 975541010944 2
3 975541010949 2
3 975541010952 2
3 975541010957 2
3 975541010960 2
3 975541010965 2
3 975541010968 2
3 975541010973 2
3 975541010976 2
3 975541010981 2
3 975541010984 2
3 975541010989 2
3 975541010992 2
3 975541010997 2
3 975541011000 2
3 975541011005 2
3 975541011008 2
3 975541011013 2
3 975541011016 2
3 975541011021 2
3 975541011024 2
3 975541011029 2
3 975541011032 2
3 975541011037 2
3 975541011040 2
3 975541011045 2
3 975541011048 2
3 975541011053 2
3 975541011056 2
3 975541011061 2
3 975541011064 2
3 975541011069 2
3 975541011072 2
3 975541011077 2
3 975541011080 2
3 975541011085 2
3 975541011088 2
3 975541011093 2
3 975541011096 2
3 975541011101 2
3 975541011104 2
3 975541011109 2
3 975541011112 2
3 975541011117 2
3 975541011120 2
3 975541011125 2
3 975541011128 2
3 975541011133 2
3 975541011136 2
3 975541011141 2
3 975541011144 2
3 975541011149 2
3 975541011152 2
3 975541011157 2
3 975541011160 2
3 975541011165 2
3 975541011168 2
3 975541011173 2
3 975541011176 2
3 975541011181 2
3 975541011184 2
3 975541011189 2
3 975541011192 2
3 975541011197 2
3 975541011200 2
3 975541011205 2
3 975541011208 2
3 975541011213 2
3 975541011216 2
3 975541011221 2
3 975541011224 2
3 975541011229 2
3 975541011232 2
3 975541011237 2
3 975541011240 2
3 975541011245 2
3 975541011248 2
3 975541011253 2
3 975541011256 2
3 975541011261 2
3 975541011264 2
3 975541011269 2
3 975541011272 2
3 975541011277 2
3 975541011280 2
3 975541011285 2
3 975541011288 2
3 975541011293 2
3 975541011296 2
3 975541011301 2
3 975541011304 2
3 975541011309 2
3 975541011312 2
3 975541011317 2
3 975541011320 2
3 975541011325 2
3 975541011328 4
3 975541011330 2
3 975541011333 2
3 975541011336 4
3 975541011338 2
3 975541011341 2
3 975541011344 4
3 975541011346 2
3 975541011349 2
3 975541011352 4
3 975541011354 2
3 975541011357 2
3 975541011360 4
3 975541011362 2
3 975541011365 2
3 975541011368 4
3 975541011370 2
3 975541011373 2
3 975541011376 4
3 975541011378 2
3 975541011381 2
3 975541011384 4
3 975541011386 2
3 975541011389 2
3 975541011392 4
3 975541011394 2
3 975541011397 2
3 975541011400 4
3 975541011402 2
3 975541011405 2
3 975541011408 4
3 975541011410 2
3 975541011413 2
3 975541011416 4
3 975541011418 2
3 975541011421 2
3 975541011424 4
3 975541011426 2
3 975541011429 2
3 975541011432 4
3 975541011434 2
3 975541011437 2
3 975541011440 4
3 975541011442 2
3 975541011445 2
3 975541011448 4
3 975541011450 2
3 975541011453 2
3 975541011456 2
3 975541011462 2
3 975541011464 2
3 975541011470 2
3 975541011472 2
3 975541011478 2
3 975541011480 2
3 975541011486 2
3 975541011488 2
3 975541011494 2
3 975541011496 2
3 975541011502 2
3 975541011504 2
3 975541011510 2
3 975541011512 2
3 975541011518 2
3 975541011520 2
3 975541011526 2
3 975541011528 2
3 975541011534 2
3 975541011536 2
3 975541011542 2
3 975541011544 2
3 975541011550 2
3 975541011552 2
3 975541011558 2
3 975541011560 2
3 975541011566 2
3 975541011568 2
3 975541011574 2
3 975541011576 2
3 975541011582 2
3 975541011584 6
3 975541011591 2
3 975541011592 6
3 975541011599 2
3 975541011600 6
3 975541011607 2
3 975541011608 6
3 975541011615 2
3 975541011616 6
3 975541011623 2
3 975541011624 6
3 975541011631 2
3 975541011632 6
3 975541011639 2
3 975541011640 6
3 975541011647 2
3 975541011648 6
3 975541011655 2
3 975541011656 6
3 975541011663 2
3 975541011664 6
3 975541011671 2
3 975541011672 6
3 975541011679 2
3 975541011680 6
3 975541011687 2
3 975541011688 39
3 975541011695 2
3 975541011696 6
3 975541011703 2
3 975541011704 6
3 975541011711 2
3 975541011840 2
3 975541011841 2
3 975541011848 2
3 975541011849 2
3 975541011856 2
3 975541011857 2
3 975541011864 2
3 975541011865 2
3 975541011872 2
3 975541011873 2
3 975541011880 2
3 975541011881 2
3 975541011888 2
3 975541011889 2
3 975541011896 2
3 975541011897 2
3 975541011904 2
3 975541011905 2
3 975541011912 2
3 975541011913 2
3 975541011920 2
3 975541011921 2
3 975541011928 2
3 975541011929 2
3 975541011936 2
3 975541011937 2
3 975541011944 2
3 975541011945 2
3 975541011952 2
3 975541011953 2
3 975541011960 2
3 975541011961 2
3 975541012096 2
3 975541012097 2
3 975541012104 2
3 975541012105 2
3 975541012112 2
3 975541012113 2
3 975541012120 2
3 975541012121 2
3 975541012128 2
3 975541012129 2
3 975541012136 2
3 975541012137 2
3 975541012144 2
3 975541012145 2
3 975541012152 2
3 975541012153 2
3 975541012160 2
3 975541012161 2
3 975541012168 2
3 975541012169 2
3 975541012176 2
3 975541012177 2
3 975541012184 2
3 975541012185 2
3 975541012192 2
3 975541012193 2
3 975541012200 2
3 975541012201 2
3 975541012208 2
3 975541012209 2
3 975541012216 2
3 975541012217 2
3 975541012224 6
3 975541012225 2
3 975541012227 2
3 975541012230 2
3 975541012232 6
3 975541012233 2
3 975541012235 2
3 975541012238 2
3 975541012240 6
3 975541012241 2
3 975541012243 2
3 975541012246 2
3 975541012248 6
3 975541012249 2
3 975541012251 2
3 975541012254 2
3 975541012256 6
3 975541012257 2
3 975541012259 2
3 975541012262 2
3 975541012264 6
3 975541012265 2
3 975541012267 2
3 975541012270 2
3 975541012272 6
3 975541012273 2
3 975541012275 2
3 975541012278 2
3 975541012280 6
3 975541012281 2
3 975541012283 2
3 975541012286 2
3 975541012288 6
3 975541012289 2
3 975541012291 2
3 975541012294 2
3 975541012296 6
3 975541012297 2
3 975541012299 2
3 975541012302 2
3 975541012304 6
3 975541012305 2
3 975541012307 2
3 975541012310 2
3 975541012312 6
3 975541012313 2
3 975541012315 2
3 975541012318 2
3 975541012320 6
3 975541012321 2
3 975541012323 2
3 975541012326 2
3 975541012328 6
3 975541012329 2
3 975541012331 2
3 975541012334 2
3 975541012336 6
3 975541012337 2
3 975541012339 2
3 975541012342 2
3 975541012344 6
3 975541012345 2
3 975541012347 2
3 975541012350 2
5 975541010560 2
5 975541010567 2
5 975541010568 2
5 975541010575 2
5 975541010576 2
5 975541010583 2
5 975541010584 2
5 975541010591 2
5 975541010592 2
5 975541010599 2
5 975541010600 2
5 975541010607 2
5 975541010608 2
5 975541010615 2
5 975541010616 2
5 975541010623 2
5 975541010624 2
5 975541010631 2
5 975541010632 2
5 975541010639 2
5 975541010640 2
5 975541010647 2
5 975541010648 2
5 975541010655 2
5 975541010656 2
5 975541010663 2
5 975541010664 2
5 975541010671 2
5 975541010672 2
5 975541010679 2
5 975541010680 2
5 975541010687 2
5 975541012224 2
5 975541012232 2
5 975541012240 2
5 975541012248 2
5 975541012256 2
5 975541012264 2
5 975541012272 2
5 975541012280 2
5 975541012288 2
5 975541012296 2
5 975541012304 2
5 975541012312 2
5 975541012320 2
5 975541012328 2
5 975541012336 2
5 975541012344 2
6 975541010561 4
6 975541010562 6
6 975541010563 4
6 975541010564 4
6 975541010566 4
6 975541010567 6
6 975541010569 4
6 975541010570 6
6 975541010571 4
6 975541010572 4
6 975541010574 4
6 975541010575 6
6 975541010577 4
6 975541010578 6
6 975541010579 4
6 975541010580 4
6 975541010582 4
6 975541010583 6
6 975541010585 4
6 975541010586 6
6 975541010587 8
6 975541010588 4
6 975541010590 4
6 975541010591 6
6 975541010593 4
6 975541010594 6
6 975541010595 4
6 975541010596 4
6 975541010598 4
6 975541010599 6
6 975541010601 4
6 975541010602 11
6 975541010603 4
6 975541010604 4
6 975541010606 4
6 975541010607 6
6 975541010609 4
6 975541010610 6
6 975541010611 4
6 975541010612 4
6 975541010614 4
6 975541010615 6
6 975541010617 4
6 975541010618 6
6 975541010619 4
6 975541010620 4
6 975541010622 4
6 975541010623 6
6 975541010625 4
6 975541010626 6
6 975541010627 6
6 975541010628 4
6 975541010630 4
6 975541010631 6
6 975541010633 4
6 975541010634 6
6 975541010635 7
6 975541010636 4
6 975541010638 4
6 975541010639 6
6 975541010641 4
6 975541010642 152
6 975541010643 4
6 975541010644 4
6 975541010646 4
6 975541010647 6
6 975541010649 4
6 975541010650 6
6 975541010651 4
6 975541010652 4
6 975541010654 4
6 975541010655 6
6 975541010657 8
6 975541010658 6
6 975541010659 4
6 975541010660 4
6 975541010662 4
6 975541010663 6
6 975541010665 5
6 975541010666 6
6 975541010667 52
6 975541010668 4
6 975541010670 4
6 975541010671 6
6 975541010673 4
6 975541010674 6
6 975541010675 4
6 975541010676 4
6 975541010678 4
6 975541010679 6
6 975541010681 4
6 975541010682 6
6 975541010683 4
6 975541010684 4
6 975541010686 4
6 975541010687 6
6 975541010688 2
6 975541010695 2
6 975541010696 2
6 975541010703 2
6 975541010704 2
6 975541010711 2
6 975541010712 2
6 975541010719 2
6 975541010720 2
6 975541010727 2
6 975541010728 2
6 975541010735 2
6 975541010736 2
6 975541010743 2
6 975541010744 2
6 975541010751 2
6 975541010752 2
6 975541010759 2
6 975541010760 2
6 975541010767 2
6 975541010768 2
6 975541010775 2
6 975541010776 2
6 975541010783 2
6 975541010784 2
6 975541010791 2
6 975541010792 2
6 975541010799 2
6 975541010800 2
6 975541010807 2
6 975541010808 2
6 975541010815 2
6 975541010944 2
6 975541010945 2
6 975541010952 2
6 975541010953 2
6 975541010960 2
6 975541010961 161
6 975541010968 2
6 975541010969 7
6 975541010976 2
6 975541010977 2
6 975541010984 2
6 975541010985 2
6 975541010992 2
6 975541010993 2
6 975541011000 2
6 975541011001 2
6 975541011008 2
6 975541011009 49
6 975541011016 2
6 975541011017 2
6 975541011024 2
6 975541011025 2
6 975541011032 2
6 975541011033 2
6 975541011040 2
6 975541011041 2
6 975541011048 2
6 975541011049 2
6 975541011056 2
6 975541011057 2
6 975541011064 2
6 975541011065 2
6 975541011072 2
6 975541011073 2
6 975541011080 2
6 975541011081 2
6 975541011088 2
6 975541011089 2
6 975541011096 2
6 975541011097 2
6 975541011104 2
6 975541011105 2
6 975541011112 2
6 975541011113 2
6 975541011120 2
6 975541011121 2
6 975541011128 2
6 975541011129 2
6 975541011136 2
6 975541011137 2
6 975541011144 2
6 975541011145 2
6 975541011152 2
6 975541011153 2
6 975541011160 2
6 975541011161 2
6 975541011168 4
6 975541011169 2
6 975541011176 11
6 975541011177 2
6 975541011184 2
6 975541011185 2
6 975541011192 2
6 975541011193 2
6 975541011200 2
6 975541011202 2
6 975541011208 2
6 975541011210 2
6 975541011216 2
6 975541011218 2
6 975541011224 2
6 975541011226 2
6 975541011232 2
6 975541011234 2
6 975541011240 2
6 975541011242 2
6 975541011248 2
6 975541011250 2
6 975541011256 2
6 975541011258 2
6 975541011264 2
6 975541011266 2
6 975541011272 2
6 975541011274 2
6 975541011280 2
6 975541011282 2
6 975541011288 2
6 975541011290 2
6 975541011296 2
6 975541011298 2
6 975541011304 2
6 975541011306 2
6 975541011312 2
6 975541011314 277
6 975541011320 2
6 975541011322 2
6 975541011328 2
6 975541011330 2
6 975541011336 2
6 975541011338 2
6 975541011344 2
6 975541011346 2
6 975541011352 2
6 975541011354 2
6 975541011360 2
6 975541011362 2
6 975541011368 2
6 975541011370 2
6 975541011376 2
6 975541011378 2
6 975541011384 2
6 975541011386 2
6 975541011392 2
6 975541011394 2
6 975541011400 2
6 975541011402 2
6 975541011408 2
6 975541011410 2
6 975541011416 2
6 975541011418 2
6 975541011424 2
6 975541011426 2
6 975541011432 2
6 975541011434 2
6 975541011440 2
6 975541011442 2
6 975541011448 2
6 975541011450 2
6 975541011456 4
6 975541011459 2
6 975541011462 2
6 975541011464 4
6 975541011467 2
6 975541011470 2
6 975541011472 13
6 975541011475 2
6 975541011478 2
6 975541011480 5
6 975541011483 2
6 975541011486 2
6 975541011488 4
6 975541011491 2
6 975541011494 2
6 975541011496 4
6 975541011499 2
6 975541011502 2
6 975541011504 12
6 975541011507 2
6 975541011510 2
6 975541011512 4
6 975541011515 2
6 975541011518 2
6 975541011520 4
6 975541011523 2
6 975541011526 2
6 975541011528 6
6 975541011531 2
6 975541011534 2
6 975541011536 4
6 975541011539 2
6 975541011542 2
6 975541011544 4
6 975541011547 2
6 975541011550 2
6 975541011552 4
6 975541011555 2
6 975541011558 2
6 975541011560 4
6 975541011563 2
6 975541011566 2
6 975541011568 4
6 975541011571 2
6 975541011574 2
6 975541011576 4
6 975541011579 2
6 975541011582 2
6 975541011712 2
6 975541011719 2
6 975541011720 2
6 975541011727 2
6 975541011728 2
6 975541011735 2
6 975541011736 2
6 975541011743 2
6 975541011744 2
6 975541011751 2
6 975541011752 2
6 975541011759 2
6 975541011760 2
6 975541011767 2
6 975541011768 2
6 975541011775 2
6 975541011776 2
6 975541011783 2
6 975541011784 2
6 975541011791 2
6 975541011792 2
6 975541011799 2
6 975541011800 2
6 975541011807 2
6 975541011808 2
6 975541011815 2
6 975541011816 2
6 975541011823 2
6 975541011824 2
6 975541011831 2
6 975541011832 2
6 975541011839 2
6 975541011840 6
6 975541011842 2
6 975541011843 2
6 975541011846 2
6 975541011848 6
6 975541011850 2
6 975541011851 2
6 975541011854 2
6 975541011856 6
6 975541011858 2
6 975541011859 2
6 975541011862 2
6 975541011864 6
6 975541011866 2
6 975541011867 2
6 975541011870 2
6 975541011872 6
6 975541011874 2
6 975541011875 2
6 975541011878 2
6 975541011880 6
6 975541011882 2
6 975541011883 2
6 975541011886 2
6 975541011888 6
6 975541011890 2
6 975541011891 2
6 975541011894 2
6 975541011896 6
6 975541011898 2
6 975541011899 2
6 975541011902 2
6 975541011904 6
6 975541011906 2
6 975541011907 2
6 975541011910 2
6 975541011912 6
6 975541011914 2
6 975541011915 2
6 975541011918 2
6 975541011920 6
6 975541011922 2
6 975541011923 2
6 975541011926 2
6 975541011928 6
6 975541011930 2
6 975541011931 2
6 975541011934 2
6 975541011936 6
6 975541011938 2
6 975541011939 2
6 975541011942 2
6 975541011944 6
6 975541011946 2
6 975541011947 2
6 975541011950 2
6 975541011952 6
6 975541011954 2
6 975541011955 2
6 975541011958 2
6 975541011960 6
6 975541011962 2
6 975541011963 2
6 975541011966 2
6 975541011968 2
6 975541011972 2
6 975541011976 2
6 975541011980 2
6 975541011984 2
6 975541011988 2
6 975541011992 6
6 975541011996 2
6 975541012000 2
6 975541012004 2
6 975541012008 2
6 975541012012 2
6 975541012016 2
6 975541012020 2
6 975541012024 2
6 975541012028 2
6 975541012032 2
6 975541012036 2
6 975541012040 2
6 975541012044 2
6 975541012048 2
6 975541012052 2
6 975541012056 2
6 975541012060 2
6 975541012064 2
6 975541012068 2
6 975541012072 2
6 975541012076 2
6 975541012080 2
6 975541012084 2
6 975541012088 2
6 975541012092 2
6 975541012352 4
6 975541012356 2
6 975541012359 2
6 975541012360 4
6 975541012364 2
6 975541012367 2
6 975541012368 4
6 975541012372 2
6 975541012375 2
6 975541012376 4
6 975541012380 2
6 975541012383 2
6 975541012384 4
6 975541012388 2
6 975541012391 2
6 975541012392 4
6 975541012396 2
6 975541012399 2
6 975541012400 4
6 975541012404 2
6 975541012407 2
6 975541012408 4
6 975541012412 2
6 975541012415 2
6 975541012416 4
6 975541012420 2
6 975541012423 2
6 975541012424 4
6 975541012428 2
6 975541012431 2
6 975541012432 4
6 975541012436 2
6 975541012439 2
6 975541012440 4
6 975541012444 2
6 975541012447 2
6 975541012448 4
6 975541012452 2
6 975541012455 2
6 975541012456 4
6 975541012460 2
6 975541012463 2
6 975541012464 4
6 975541012468 2
6 975541012471 2
6 975541012472 4
6 975541012476 2
6 975541012479 2
8 975541010689 2
8 975541010693 2
8 975541010697 2
8 975541010701 2
8 975541010705 2
8 975541010709 2
8 975541010713 2
8 975541010717 2
8 975541010721 2
8 975541010725 2
8 975541010729 2
8 975541010733 2
8 975541010737 2
8 975541010741 2
8 975541010745 2
8 975541010749 2
8 975541010753 2
8 975541010757 2
8 975541010761 2
8 975541010765 2
8 975541010769 2
8 975541010773 2
8 975541010777 2
8 975541010781 2
8 975541010785 2
8 975541010789 2
8 975541010793 2
8 975541010797 2
8 975541010801 2
8 975541010805 2
8 975541010809 2
8 975541010813 2
8 975541011713 2
8 975541011721 2
8 975541011729 2
8 975541011737 2
8 975541011745 2
8 975541011753 2
8 975541011761 2
8 975541011769 2
8 975541011777 2
8 975541011785 2
8 975541011793 2
8 975541011801 2
8 975541011809 2
8 975541011817 2
8 975541011825 2
8 975541011833 2
9 975541010689 24
9 975541010690 16
9 975541010691 4
9 975541010692 18
9 975541010694 2
9 975541010695 4
9 975541010697 6
9 975541010698 6
9 975541010699 5
9 975541010700 6
9 975541010702 2
9 975541010703 4
9 975541010705 6
9 975541010706 4
9 975541010707 4
9 975541010708 6
9 975541010710 2
9 975541010711 4
9 975541010713 6
9 975541010714 20
9 975541010715 4
9 975541010716 6
9 975541010718 2
9 975541010719 4
9 975541010721 6
9 975541010722 4
9 975541010723 8
9 975541010724 6
9 975541010726 2
9 975541010727 4
9 975541010729 6
9 975541010730 4
9 975541010731 13
9 975541010732 6
9 975541010734 2
9 975541010735 4
9 975541010737 6
9 975541010738 4
9 975541010739 86
9 975541010740 6
9 975541010742 2
9 975541010743 4
9 975541010745 6
9 975541010746 4
9 975541010747 116
9 975541010748 121
9 975541010750 2
9 975541010751 4
9 975541010753 18
9 975541010754 5
9 975541010755 6
9 975541010756 6
9 975541010758 2
9 975541010759 30
9 975541010761 8
9 975541010762 7
9 975541010763 8
9 975541010764 33
9 975541010766 2
9 975541010767 4
9 975541010769 6
9 975541010770 6
9 975541010771 4
9 975541010772 6
9 975541010774 2
9 975541010775 4
9 975541010777 20
9 975541010778 6
9 975541010779 4
9 975541010780 6
9 975541010782 2
9 975541010783 4
9 975541010785 6
9 975541010786 4
9 975541010787 10
9 975541010788 6
9 975541010790 2
9 975541010791 4
9 975541010793 6
9 975541010794 4
9 975541010795 112
9 975541010796 39
9 975541010798 2
9 975541010799 4
9 975541010801 6
9 975541010802 5
9 975541010803 4
9 975541010804 6
9 975541010806 2
9 975541010807 4
9 975541010809 6
9 975541010810 4
9 975541010811 4
9 975541010812 6
9 975541010814 2
9 975541010815 4
9 975541010817 2
9 975541010822 2
9 975541010825 2
9 975541010830 2
9 975541010833 2
9 975541010838 2
9 975541010841 2
9 975541010846 2
9 975541010849 2
9 975541010854 2
9 975541010857 2
9 975541010862 2
9 975541010865 2
9 975541010870 2
9 975541010873 2
9 975541010878 2
9 975541010881 2
9 975541010886 2
9 975541010889 2
9 975541010894 2
9 975541010897 2
9 975541010902 2
9 975541010905 2
9 975541010910 2
9 975541010913 2
9 975541010918 2
9 975541010921 2
9 975541010926 2
9 975541010929 2
9 975541010934 2
9 975541010937 2
9 975541010942 2
9 975541010945 2
9 975541010951 2
9 975541010953 2
9 975541010959 2
9 975541010961 2
9 975541010967 2
9 975541010969 2
9 975541010975 2
9 975541010977 2
9 975541010983 2
9 975541010985 2
9 975541010991 2
9 975541010993 2
9 975541010999 2
9 975541011001 2
9 975541011007 2
9 975541011009 4
9 975541011015 2
9 975541011017 13
9 975541011023 2
9 975541011025 2
9 975541011031 2
9 975541011033 2
9 975541011039 2
9 975541011041 2
9 975541011047 2
9 975541011049 2
9 975541011055 2
9 975541011057 4
9 975541011063 2
9 975541011065 9
9 975541011071 2
9 975541011201 13
9 975541011209 10
9 975541011217 4
9 975541011225 4
9 975541011233 4
9 975541011241 4
9 975541011249 4
9 975541011257 4
9 975541011265 6
9 975541011273 7
9 975541011281 15
9 975541011289 54
9 975541011297 4
9 975541011305 4
9 975541011313 4
9 975541011321 4
9 975541011329 4
9 975541011330 2
9 975541011337 7
9 975541011338 2
9 975541011345 8
9 975541011346 2
9 975541011353 5
9 975541011354 2
9 975541011361 4
9 975541011362 2
9 975541011369 17
9 975541011370 2
9 975541011377 2
9 975541011378 2
9 975541011385 2
9 975541011386 2
9 975541011393 4
9 975541011394 2
9 975541011401 9
9 975541011402 2
9 975541011409 5
9 975541011410 2
9 975541011417 2
9 975541011418 2
9 975541011425 12
9 975541011426 2
9 975541011433 14
9 975541011434 2
9 975541011441 4
9 975541011442 2
9 975541011449 2
9 975541011450 2
9 975541011457 73
9 975541011459 2
9 975541011465 12
9 975541011467 2
9 975541011473 2
9 975541011475 2
9 975541011481 2
9 975541011483 2
9 975541011489 3
9 975541011491 2
9 975541011497 3
9 975541011499 2
9 975541011505 2
9 975541011507 2
9 975541011513 2
9 975541011515 2
9 975541011521 2
9 975541011523 2
9 975541011529 237
9 975541011531 2
9 975541011537 2
9 975541011539 2
9 975541011545 2
9 975541011547 2
9 975541011553 4
9 975541011555 2
9 975541011561 2
9 975541011563 2
9 975541011569 2
9 975541011571 2
9 975541011577 2
9 975541011579 2
9 975541011585 2
9 975541011588 2
9 975541011593 2
9 975541011596 2
9 975541011601 2
9 975541011604 2
9 975541011609 2
9 975541011612 2
9 975541011617 2
9 975541011620 2
9 975541011625 2
9 975541011628 2
9 975541011633 2
9 975541011636 2
9 975541011641 2
9 975541011644 2
9 975541011649 2
9 975541011652 2
9 975541011657 2
9 975541011660 2
9 975541011665 2
9 975541011668 2
9 975541011673 2
9 975541011676 2
9 975541011681 2
9 975541011684 2
9 975541011689 2
9 975541011692 2
9 975541011697 2
9 975541011700 2
9 975541011705 2
9 975541011708 2
9 975541011713 6
9 975541011716 2
9 975541011721 6
9 975541011724 2
9 975541011729 6
9 975541011732 2
9 975541011737 6
9 975541011740 2
9 975541011745 6
9 975541011748 2
9 975541011753 6
9 975541011756 2
9 975541011761 6
9 975541011764 2
9 975541011769 6
9 975541011772 2
9 975541011777 6
9 975541011780 2
9 975541011785 6
9 975541011788 2
9 975541011793 6
9 975541011796 2
9 975541011801 6
9 975541011804 2
9 975541011809 6
9 975541011812 2
9 975541011817 6
9 975541011820 2
9 975541011825 6
9 975541011828 2
9 975541011833 6
9 975541011836 2
9 975541011969 4
9 975541011977 4
9 975541011985 4
9 975541011993 4
9 975541012001 4
9 975541012009 4
9 975541012017 4
9 975541012025 4
9 975541012033 4
9 975541012041 4
9 975541012049 4
9 975541012057 4
9 975541012065 4
9 975541012073 4
9 975541012081 4
9 975541012089 4
9 975541012353 8
9 975541012354 2
9 975541012355 2
9 975541012356 2
9 975541012359 2
9 975541012361 8
9 975541012362 2
9 975541012363 2
9 975541012364 2
9 975541012367 2
9 975541012369 8
9 975541012370 2
9 975541012371 2
9 975541012372 2
9 975541012375 2
9 975541012377 8
9 975541012378 2
9 975541012379 2
9 975541012380 2
9 975541012383 2
9 975541012385 11
9 975541012386 2
9 975541012387 2
9 975541012388 2
9 975541012391 2
9 975541012393 8
9 975541012394 2
9 975541012395 2
9 975541012396 2
9 975541012399 2
9 975541012401 8
9 975541012402 2
9 975541012403 2
9 975541012404 2
9 975541012407 2
9 975541012409 8
9 975541012410 2
9 975541012411 2
9 975541012412 2
9 975541012415 2
9 975541012417 8
9 975541012418 2
9 975541012419 2
9 975541012420 2
9 975541012423 2
9 975541012425 8
9 975541012426 2
9 975541012427 2
9 975541012428 2
9 975541012431 2
9 975541012433 152
9 975541012434 2
9 975541012435 2
9 975541012436 2
9 975541012439 2
9 975541012441 8
9 975541012442 2
9 975541012443 2
9 975541012444 2
9 975541012447 2
9 975541012449 8
9 975541012450 2
9 975541012451 2
9 975541012452 2
9 975541012455 2
9 975541012457 8
9 975541012458 2
9 975541012459 2
9 975541012460 2
9 975541012463 2
9 975541012465 8
9 975541012466 2
9 975541012467 2
9 975541012468 2
9 975541012471 2
9 975541012473 8
9 975541012474 2
9 975541012475 2
9 975541012476 2
9 975541012479 2
12 975541010818 4
12 975541010820 4
12 975541010821 4
12 975541010823 2
12 975541010826 4
12 975541010828 4
12 975541010829 4
12 975541010831 2
12 975541010834 4
12 975541010836 4
12 975541010837 4
12 975541010839 2
12 975541010842 4
12 975541010844 4
12 975541010845 4
12 975541010847 2
12 975541010850 4
12 975541010852 4
12 975541010853 4
12 975541010855 2
12 975541010858 151
12 975541010860 4
12 975541010861 4
12 975541010863 2
12 975541010866 4
12 975541010868 35
12 975541010869 109
12 975541010871 2
12 975541010874 4
12 975541010876 4
12 975541010877 4
12 975541010879 2
12 975541010882 4
12 975541010884 4
12 975541010885 4
12 975541010887 2
12 975541010890 4
12 975541010892 4
12 975541010893 4
12 975541010895 2
12 975541010898 4
12 975541010900 4
12 975541010901 4
12 975541010903 2
12 975541010906 4
12 975541010908 20
12 975541010909 4
12 975541010911 2
12 975541010914 907
12 975541010916 4
12 975541010917 4
12 975541010919 2
12 975541010922 4
12 975541010924 4
12 975541010925 4
12 975541010927 2
12 975541010930 4
12 975541010932 4
12 975541010933 4
12 975541010935 77
12 975541010938 4
12 975541010940 4
12 975541010941 4
12 975541010943 2
12 975541010945 2
12 975541010946 2
12 975541010953 2
12 975541010954 2
12 975541010961 2
12 975541010962 2
12 975541010969 2
12 975541010970 2
12 975541010977 2
12 975541010978 2
12 975541010985 2
12 975541010986 2
12 975541010993 2
12 975541010994 2
12 975541011001 55
12 975541011002 2
12 975541011009 2
12 975541011010 2
12 975541011017 2
12 975541011018 2
12 975541011025 2
12 975541011026 2
12 975541011033 2
12 975541011034 2
12 975541011041 2
12 975541011042 2
12 975541011049 2
12 975541011050 2
12 975541011057 2
12 975541011058 2
12 975541011065 2
12 975541011066 2
12 975541011073 2
12 975541011076 2
12 975541011081 2
12 975541011084 2
12 975541011089 2
12 975541011092 2
12 975541011097 2
12 975541011100 2
12 975541011105 2
12 975541011108 2
12 975541011113 2
12 975541011116 2
12 975541011121 2
12 975541011124 2
12 975541011129 2
12 975541011132 2
12 975541011137 170
12 975541011140 2
12 975541011145 2
12 975541011148 2
12 975541011153 2
12 975541011156 2
12 975541011161 2
12 975541011164 2
12 975541011169 2
12 975541011172 2
12 975541011177 2
12 975541011180 2
12 975541011185 2
12 975541011188 2
12 975541011193 2
12 975541011196 2
12 975541011201 2
12 975541011205 2
12 975541011209 2
12 975541011213 2
12 975541011217 2
12 975541011221 2
12 975541011225 2
12 975541011229 2
12 975541011233 2
12 975541011237 2
12 975541011241 2
12 975541011245 2
12 975541011249 2
12 975541011253 2
12 975541011257 2
12 975541011261 2
12 975541011265 2
12 975541011269 2
12 975541011273 2
12 975541011277 2
12 975541011281 2
12 975541011285 2
12 975541011289 2
12 975541011293 2
12 975541011297 2
12 975541011301 2
12 975541011305 76
12 975541011309 2
12 975541011313 2
12 975541011317 2
12 975541011321 2
12 975541011325 2
12 975541011329 2
12 975541011335 2
12 975541011337 2
12 975541011343 2
12 975541011345 2
12 975541011351 2
12 975541011353 2
12 975541011359 2
12 975541011361 2
12 975541011367 2
12 975541011369 2
12 975541011375 2
12 975541011377 2
12 975541011383 2
12 975541011385 2
12 975541011391 2
12 975541011393 2
12 975541011399 2
12 975541011401 2
12 975541011407 2
12 975541011409 2
12 975541011415 2
12 975541011417 2
12 975541011423 2
12 975541011425 120
12 975541011431 2
12 975541011433 2
12 975541011439 2
12 975541011441 2
12 975541011447 2
12 975541011449 2
12 975541011455 2
12 975541011585 2
12 975541011586 2
12 975541011593 2
12 975541011594 2
12 975541011601 2
12 975541011602 2
12 975541011609 2
12 975541011610 2
12 975541011617 2
12 975541011618 2
12 975541011625 2
12 975541011626 2
12 975541011633 2
12 975541011634 2
12 975541011641 2
12 975541011642 2
12 975541011649 2
12 975541011650 2
12 975541011657 2
12 975541011658 2
12 975541011665 2
12 975541011666 2
12 975541011673 2
12 975541011674 2
12 975541011681 2
12 975541011682 2
12 975541011689 2
12 975541011690 2
12 975541011697 2
12 975541011698 2
12 975541011705 2
12 975541011706 2
12 975541011713 2
12 975541011716 2
12 975541011721 2
12 975541011724 2
12 975541011729 2
12 975541011732 2
12 975541011737 97
12 975541011740 2
12 975541011745 2
12 975541011748 2
12 975541011753 2
12 975541011756 2
12 975541011761 2
12 975541011764 65
12 975541011769 2
12 975541011772 2
12 975541011777 2
12 975541011780 2
12 975541011785 2
12 975541011788 2
12 975541011793 2
12 975541011796 2
12 975541011801 2
12 975541011804 2
12 975541011809 2
12 975541011812 2
12 975541011817 2
12 975541011820 2
12 975541011825 2
12 975541011828 2
12 975541011833 2
12 975541011836 2
12 975541012353 2
12 975541012357 2
12 975541012361 2
12 975541012365 2
12 975541012369 2
12 975541012373 2
12 975541012377 2
12 975541012381 2
12 975541012385 2
12 975541012389 2
12 975541012393 2
12 975541012397 2
12 975541012401 2
12 975541012405 2
12 975541012409 2
12 975541012413 2
12 975541012417 2
12 975541012421 2
12 975541012425 2
12 975541012429 2
12 975541012433 2
12 975541012437 2
12 975541012441 2
12 975541012445 2
12 975541012449 2
12 975541012453 2
12 975541012457 2
12 975541012461 2
12 975541012465 2
12 975541012469 2
12 975541012473 2
12 975541012477 2
14 975541010946 2
14 975541010950 2
14 975541010954 2
14 975541010958 2
14 975541010962 2
14 975541010966 2
14 975541010970 2
14 975541010974 2
14 975541010978 2
14 975541010982 2
14 975541010986 2
14 975541010990 2
14 975541010994 2
14 975541010998 2
14 975541011002 2
14 975541011006 2
14 975541011010 2
14 975541011014 2
14 975541011018 2
14 975541011022 2
14 975541011026 2
14 975541011030 2
14 975541011034 2
14 975541011038 2
14 975541011042 2
14 975541011046 2
14 975541011050 2
14 975541011054 2
14 975541011058 2
14 975541011062 2
14 975541011066 2
14 975541011070 2
14 975541011970 2
14 975541011978 2
14 975541011986 2
14 975541011994 2
14 975541012002 2
14 975541012010 2
14 975541012018 2
14 975541012026 2
14 975541012034 2
14 975541012042 2
14 975541012050 2
14 975541012058 2
14 975541012066 2
14 975541012074 2
14 975541012082 2
14 975541012090 2
15 975541010946 2
15 975541010947 2
15 975541010948 2
15 975541010949 4
15 975541010950 4
15 975541010951 2
15 975541010954 2
15 975541010955 2
15 975541010956 2
15 975541010957 4
15 975541010958 2
15 975541010959 2
15 975541010962 2
15 975541010963 16
15 975541010964 2
15 975541010965 294
15 975541010966 2
15 975541010967 2
15 975541010970 2
15 975541010971 2
15 975541010972 2
15 975541010973 27
15 975541010974 2
15 975541010975 2
15 975541010978 2
15 975541010979 2
15 975541010980 2
15 975541010981 4
15 975541010982 2
15 975541010983 2
15 975541010986 2
15 975541010987 2
15 975541010988 2
15 975541010989 4
15 975541010990 2
15 975541010991 2
15 975541010994 2
15 975541010995 2
15 975541010996 2
15 975541010997 4
15 975541010998 2
15 975541010999 2
15 975541011002 2
15 975541011003 2
15 975541011004 2
15 975541011005 4
15 975541011006 2
15 975541011007 2
15 975541011010 2
15 975541011011 2
15 975541011012 2
15 975541011013 4
15 975541011014 69
15 975541011015 2
15 975541011018 2
15 975541011019 2
15 975541011020 2
15 975541011021 4
15 975541011022 6
15 975541011023 2
15 975541011026 2
15 975541011027 3
15 975541011028 2
15 975541011029 4
15 975541011030 340
15 975541011031 2
15 975541011034 2
15 975541011035 9
15 975541011036 2
15 975541011037 4
15 975541011038 2
15 975541011039 2
15 975541011042 2
15 975541011043 2
15 975541011044 2
15 975541011045 4
15 975541011046 2
15 975541011047 2
15 975541011050 2
15 975541011051 2
15 975541011052 2
15 975541011053 4
15 975541011054 2
15 975541011055 2
15 975541011058 2
15 975541011059 6
15 975541011060 2
15 975541011061 4
15 975541011062 2
15 975541011063 2
15 975541011066 2
15 975541011067 25
15 975541011068 2
15 975541011069 4
15 975541011070 2
15 975541011071 2
15 975541011202 4
15 975541011210 4
15 975541011218 4
15 975541011226 4
15 975541011234 4
15 975541011242 4
15 975541011250 4
15 975541011258 4
15 975541011266 4
15 975541011274 4
15 975541011282 4
15 975541011290 4
15 975541011298 4
15 975541011306 4
15 975541011314 4
15 975541011322 4
15 975541011330 2
15 975541011332 2
15 975541011338 2
15 975541011340 2
15 975541011346 2
15 975541011348 2
15 975541011354 2
15 975541011356 2
15 975541011362 2
15 975541011364 2
15 975541011370 2
15 975541011372 2
15 975541011378 2
15 975541011380 2
15 975541011386 2
15 975541011388 2
15 975541011394 11
15 975541011396 73
15 975541011402 27
15 975541011404 2
15 975541011410 2
15 975541011412 2
15 975541011418 2
15 975541011420 2
15 975541011426 2
15 975541011428 2
15 975541011434 2
15 975541011436 2
15 975541011442 5
15 975541011444 2
15 975541011450 3
15 975541011452 2
15 975541011458 4
15 975541011462 2
15 975541011466 4
15 975541011470 2
15 975541011474 2
15 975541011478 2
15 975541011482 2
15 975541011486 2
15 975541011490 2
15 975541011494 2
15 975541011498 2
15 975541011502 2
15 975541011506 2
15 975541011510 2
15 975541011514 2
15 975541011518 2
15 975541011522 2
15 975541011526 2
15 975541011530 2
15 975541011534 2
15 975541011538 6
15 975541011542 2
15 975541011546 24
15 975541011550 2
15 975541011554 2
15 975541011558 2
15 975541011562 2
15 975541011566 2
15 975541011570 2
15 975541011574 2
15 975541011578 2
15 975541011582 2
15 975541011714 2
15 975541011715 2
15 975541011722 2
15 975541011723 2
15 975541011730 2
15 975541011731 2
15 975541011738 17
15 975541011739 2
15 975541011746 73
15 975541011747 2
15 975541011754 14
15 975541011755 2
15 975541011762 2
15 975541011763 2
15 975541011770 2
15 975541011771 2
15 975541011778 2
15 975541011779 2
15 975541011786 2
15 975541011787 2
15 975541011794 19
15 975541011795 2
15 975541011802 4
15 975541011803 2
15 975541011810 2
15 975541011811 2
15 975541011818 2
15 975541011819 2
15 975541011826 2
15 975541011827 2
15 975541011834 2
15 975541011835 2
15 975541011842 2
15 975541011845 2
15 975541011850 2
15 975541011853 2
15 975541011858 2
15 975541011861 2
15 975541011866 2
15 975541011869 2
15 975541011874 2
15 975541011877 2
15 975541011882 2
15 975541011885 2
15 975541011890 2
15 975541011893 2
15 975541011898 2
15 975541011901 2
15 975541011906 2
15 975541011909 2
15 975541011914 2
15 975541011917 2
15 975541011922 2
15 975541011925 2
15 975541011930 2
15 975541011933 2
15 975541011938 2
15 975541011941 2
15 975541011946 2
15 975541011949 2
15 975541011954 35
15 975541011957 2
15 975541011962 2
15 975541011965 2
15 975541011970 2
15 975541011975 2
15 975541011978 2
15 975541011983 2
15 975541011986 2
15 975541011991 2
15 975541011994 2
15 975541011999 2
15 975541012002 2
15 975541012007 2
15 975541012010 2
15 975541012015 2
15 975541012018 2
15 975541012023 2
15 975541012026 2
15 975541012031 2
15 975541012034 34
15 975541012039 2
15 975541012042 2
15 975541012047 2
15 975541012050 2
15 975541012055 2
15 975541012058 2
15 975541012063 2
15 975541012066 2
15 975541012071 2
15 975541012074 2
15 975541012079 2
15 975541012082 2
15 975541012087 2
15 975541012090 134
15 975541012095 2
15 975541012226 2
15 975541012229 2
15 975541012234 2
15 975541012237 2
15 975541012242 2
15 975541012245 2
15 975541012250 2
15 975541012253 2
15 975541012258 2
15 975541012261 2
15 975541012266 2
15 975541012269 2
15 975541012274 2
15 975541012277 2
15 975541012282 2
15 975541012285 2
15 975541012290 2
15 975541012293 2
15 975541012298 2
15 975541012301 2
15 975541012306 2
15 975541012309 2
15 975541012314 2
15 975541012317 2
15 975541012322 2
15 975541012325 2
15 975541012330 2
15 975541012333 2
15 975541012338 2
15 975541012341 2
15 975541012346 2
15 975541012349 2
17 975541011074 2
17 975541011076 2
17 975541011082 2
17 975541011084 2
17 975541011090 2
17 975541011092 2
17 975541011098 2
17 975541011100 2
17 975541011106 2
17 975541011108 2
17 975541011114 2
17 975541011116 2
17 975541011122 2
17 975541011124 2
17 975541011130 2
17 975541011132 2
17 975541011138 2
17 975541011140 2
17 975541011146 2
17 975541011148 2
17 975541011154 2
17 975541011156 2
17 975541011162 2
17 975541011164 2
17 975541011170 2
17 975541011172 2
17 975541011178 2
17 975541011180 2
17 975541011186 2
17 975541011188 2
17 975541011194 2
17 975541011196 2
17 975541011586 2
17 975541011594 2
17 975541011602 2
17 975541011610 2
17 975541011618 2
17 975541011626 2
17 975541011634 2
17 975541011642 2
17 975541011650 2
17 975541011658 2
17 975541011666 2
17 975541011674 2
17 975541011682 2
17 975541011690 2
17 975541011698 2
17 975541011706 2
18 975541011076 15
18 975541011079 9
18 975541011084 10
18 975541011087 11
18 975541011092 6
18 975541011095 6
18 975541011100 6
18 975541011103 6
18 975541011108 6
18 975541011111 6
18 975541011116 6
18 975541011119 6
18 975541011124 7
18 975541011127 11
18 975541011132 6
18 975541011135 7
18 975541011140 19
18 975541011143 6
18 975541011148 23
18 975541011151 10
18 975541011156 41
18 975541011159 6
18 975541011164 6
18 975541011167 6
18 975541011172 6
18 975541011175 6
18 975541011180 10
18 975541011183 8
18 975541011188 6
18 975541011191 6
18 975541011196 142
18 975541011199 12
18 975541011202 2
18 975541011207 2
18 975541011210 2
18 975541011215 2
18 975541011218 2
18 975541011223 2
18 975541011226 2
18 975541011231 2
18 975541011234 2
18 975541011239 2
18 975541011242 2
18 975541011247 2
18 975541011250 2
18 975541011255 2
18 975541011258 2
18 975541011263 2
18 975541011266 2
18 975541011271 2
18 975541011274 2
18 975541011279 2
18 975541011282 2
18 975541011287 2
18 975541011290 2
18 975541011295 2
18 975541011298 2
18 975541011303 2
18 975541011306 2
18 975541011311 2
18 975541011314 2
18 975541011319 2
18 975541011322 2
18 975541011327 2
18 975541011458 2
18 975541011460 2
18 975541011466 2
18 975541011468 2
18 975541011474 2
18 975541011476 2
18 975541011482 2
18 975541011484 2
18 975541011490 2
18 975541011492 2
18 975541011498 2
18 975541011500 2
18 975541011506 2
18 975541011508 2
18 975541011514 2
18 975541011516 2
18 975541011522 2
18 975541011524 2
18 975541011530 2
18 975541011532 2
18 975541011538 2
18 975541011540 2
18 975541011546 2
18 975541011548 2
18 975541011554 2
18 975541011556 2
18 975541011562 2
18 975541011564 2
18 975541011570 2
18 975541011572 2
18 975541011578 2
18 975541011580 2
18 975541011586 7
18 975541011591 2
18 975541011594 9
18 975541011599 2
18 975541011602 2
18 975541011607 2
18 975541011610 2
18 975541011615 2
18 975541011618 2
18 975541011623 2
18 975541011626 2
18 975541011631 2
18 975541011634 2
18 975541011639 2
18 975541011642 2
18 975541011647 2
18 975541011650 2
18 975541011655 2
18 975541011658 3
18 975541011663 2
18 975541011666 2
18 975541011671 2
18 975541011674 2
18 975541011679 2
18 975541011682 2
18 975541011687 2
18 975541011690 2
18 975541011695 2
18 975541011698 2
18 975541011703 2
18 975541011706 2
18 975541011711 2
18 975541011842 15
18 975541011844 2
18 975541011850 13
18 975541011852 2
18 975541011858 32
18 975541011860 2
18 975541011866 8
18 975541011868 2
18 975541011874 2
18 975541011876 2
18 975541011882 2
18 975541011884 2
18 975541011890 2
18 975541011892 2
18 975541011898 2
18 975541011900 2
18 975541011906 2
18 975541011908 2
18 975541011914 2
18 975541011916 2
18 975541011922 11
18 975541011924 2
18 975541011930 3
18 975541011932 2
18 975541011938 2
18 975541011940 2
18 975541011946 2
18 975541011948 2
18 975541011954 2
18 975541011956 2
18 975541011962 2
18 975541011964 2
18 975541011970 4
18 975541011975 2
18 975541011978 2
18 975541011983 2
18 975541011986 2
18 975541011991 2
18 975541011994 2
18 975541011999 2
18 975541012002 2
18 975541012007 2
18 975541012010 2
18 975541012015 2
18 975541012018 2
18 975541012023 2
18 975541012026 2
18 975541012031 2
18 975541012034 2
18 975541012039 2
18 975541012042 2
18 975541012047 2
18 975541012050 2
18 975541012055 2
18 975541012058 2
18 975541012063 2
18 975541012066 2
18 975541012071 2
18 975541012074 2
18 975541012079 2
18 975541012082 2
18 975541012087 2
18 975541012090 2
18 975541012095 2
18 975541012226 2
18 975541012228 2
18 975541012234 2
18 975541012236 2
18 975541012242 2
18 975541012244 2
18 975541012250 2
18 975541012252 2
18 975541012258 2
18 975541012260 2
18 975541012266 2
18 975541012268 2
18 975541012274 2
18 975541012276 2
18 975541012282 4
18 975541012284 2
18 975541012290 2
18 975541012292 2
18 975541012298 12
18 975541012300 2
18 975541012306 2
18 975541012308 2
18 975541012314 2
18 975541012316 2
18 975541012322 2
18 975541012324 2
18 975541012330 2
18 975541012332 2
18 975541012338 2
18 975541012340 2
18 975541012346 2
18 975541012348 2
19 975541011203 2
19 975541011211 2
19 975541011219 2
19 975541011227 2
19 975541011235 2
19 975541011243 2
19 975541011251 2
19 975541011259 2
19 975541011267 2
19 975541011275 2
19 975541011283 2
19 975541011291 2
19 975541011299 2
19 975541011307 2
19 975541011315 2
19 975541011323 2
21 975541011204 4
21 975541011206 4
21 975541011207 4
21 975541011212 4
21 975541011214 4
21 975541011215 4
21 975541011220 10
21 975541011222 4
21 975541011223 4
21 975541011228 4
21 975541011230 4
21 975541011231 4
21 975541011236 4
21 975541011238 4
21 975541011239 4
21 975541011244 4
21 975541011246 4
21 975541011247 4
21 975541011252 4
21 975541011254 9
21 975541011255 4
21 975541011260 4
21 975541011262 20
21 975541011263 4
21 975541011268 4
21 975541011270 4
21 975541011271 4
21 975541011276 7
21 975541011278 4
21 975541011279 4
21 975541011284 4
21 975541011286 4
21 975541011287 4
21 975541011292 4
21 975541011294 6
21 975541011295 4
21 975541011300 4
21 975541011302 4
21 975541011303 4
21 975541011308 4
21 975541011310 4
21 975541011311 4
21 975541011316 4
21 975541011318 4
21 975541011319 4
21 975541011324 4
21 975541011326 4
21 975541011327 4
21 975541011331 2
21 975541011334 2
21 975541011339 2
21 975541011342 2
21 975541011347 2
21 975541011350 2
21 975541011355 2
21 975541011358 2
21 975541011363 2
21 975541011366 2
21 975541011371 2
21 975541011374 2
21 975541011379 2
21 975541011382 2
21 975541011387 2
21 975541011390 2
21 975541011395 2
21 975541011398 2
21 975541011403 2
21 975541011406 2
21 975541011411 2
21 975541011414 2
21 975541011419 2
21 975541011422 2
21 975541011427 2
21 975541011430 2
21 975541011435 2
21 975541011438 2
21 975541011443 2
21 975541011446 2
21 975541011451 2
21 975541011454 2
21 975541011587 2
21 975541011588 2
21 975541011595 2
21 975541011596 2
21 975541011603 2
21 975541011604 2
21 975541011611 2
21 975541011612 2
21 975541011619 2
21 975541011620 147
21 975541011627 2
21 975541011628 2
21 975541011635 2
21 975541011636 2
21 975541011643 2
21 975541011644 2
21 975541011651 2
21 975541011652 2
21 975541011659 2
21 975541011660 2
21 975541011667 2
21 975541011668 2
21 975541011675 2
21 975541011676 2
21 975541011683 2
21 975541011684 2
21 975541011691 2
21 975541011692 2
21 975541011699 2
21 975541011700 2
21 975541011707 2
21 975541011708 2
21 975541011715 2
21 975541011719 2
21 975541011723 2
21 975541011727 2
21 975541011731 2
21 975541011735 2
21 975541011739 2
21 975541011743 2
21 975541011747 2
21 975541011751 2
21 975541011755 66
21 975541011759 2
21 975541011763 2
21 975541011767 2
21 975541011771 2
21 975541011775 2
21 975541011779 3
21 975541011783 2
21 975541011787 2
21 975541011791 2
21 975541011795 2
21 975541011799 2
21 975541011803 2
21 975541011807 2
21 975541011811 2
21 975541011815 2
21 975541011819 163
21 975541011823 2
21 975541011827 4
21 975541011831 2
21 975541011835 6
21 975541011839 2
21 975541011971 10
21 975541011974 2
21 975541011979 2
21 975541011982 2
21 975541011987 36
21 975541011990 2
21 975541011995 4
21 975541011998 2
21 975541012003 2
21 975541012006 2
21 975541012011 47
21 975541012014 2
21 975541012019 2
21 975541012022 2
21 975541012027 2
21 975541012030 2
21 975541012035 19
21 975541012038 2
21 975541012043 8
21 975541012046 2
21 975541012051 163
21 975541012054 2
21 975541012059 2
21 975541012062 2
21 975541012067 2
21 975541012070 2
21 975541012075 2
21 975541012078 2
21 975541012083 2
21 975541012086 2
21 975541012091 2
21 975541012094 2
21 975541012227 2
21 975541012228 2
21 975541012235 20
21 975541012236 2
21 975541012243 2
21 975541012244 2
21 975541012251 2
21 975541012252 2
21 975541012259 23
21 975541012260 2
21 975541012267 2
21 975541012268 2
21 975541012275 2
21 975541012276 2
21 975541012283 2
21 975541012284 2
21 975541012291 2
21 975541012292 2
21 975541012299 2
21 975541012300 2
21 975541012307 2
21 975541012308 2
21 975541012315 2
21 975541012316 2
21 975541012323 2
21 975541012324 2
21 975541012331 2
21 975541012332 2
21 975541012339 2
21 975541012340 2
21 975541012347 2
21 975541012348 2
21 975541012355 2
21 975541012359 2
21 975541012363 2
21 975541012367 2
21 975541012371 2
21 975541012375 2
21 975541012379 2
21 975541012383 2
21 975541012387 2
21 975541012391 2
21 975541012395 255
21 975541012399 2
21 975541012403 2
21 975541012407 2
21 975541012411 2
21 975541012415 2
21 975541012419 2
21 975541012423 2
21 975541012427 2
21 975541012431 2
21 975541012435 2
21 975541012439 2
21 975541012443 2
21 975541012447 2
21 975541012451 2
21 975541012455 2
21 975541012459 2
21 975541012463 2
21 975541012467 2
21 975541012471 2
21 975541012475 2
21 975541012479 2
24 975541011333 4
24 975541011334 11
24 975541011341 4
24 975541011342 4
24 975541011349 4
24 975541011350 4
24 975541011357 4
24 975541011358 4
24 975541011365 4
24 975541011366 4
24 975541011373 4
24 975541011374 102
24 975541011381 4
24 975541011382 4
24 975541011389 4
24 975541011390 4
24 975541011397 4
24 975541011398 4
24 975541011405 4
24 975541011406 4
24 975541011413 4
24 975541011414 4
24 975541011421 4
24 975541011422 4
24 975541011429 4
24 975541011430 4
24 975541011437 4
24 975541011438 4
24 975541011445 4
24 975541011446 4
24 975541011453 4
24 975541011454 4
24 975541011459 2
24 975541011462 2
24 975541011467 2
24 975541011470 2
24 975541011475 2
24 975541011478 2
24 975541011483 2
24 975541011486 2
24 975541011491 2
24 975541011494 2
24 975541011499 2
24 975541011502 2
24 975541011507 2
24 975541011510 2
24 975541011515 2
24 975541011518 2
24 975541011523 2
24 975541011526 2
24 975541011531 2
24 975541011534 2
24 975541011539 2
24 975541011542 2
24 975541011547 2
24 975541011550 2
24 975541011555 2
24 975541011558 2
24 975541011563 2
24 975541011566 2
24 975541011571 2
24 975541011574 2
24 975541011579 2
24 975541011582 2
24 975541011715 2
24 975541011718 2
24 975541011723 2
24 975541011726 2
24 975541011731 2
24 975541011734 2
24 975541011739 2
24 975541011742 2
24 975541011747 2
24 975541011750 2
24 975541011755 2
24 975541011758 2
24 975541011763 2
24 975541011766 2
24 975541011771 2
24 975541011774 2
24 975541011779 2
24 975541011782 2
24 975541011787 2
24 975541011790 2
24 975541011795 2
24 975541011798 2
24 975541011803 2
24 975541011806 2
24 975541011811 2
24 975541011814 2
24 975541011819 2
24 975541011822 2
24 975541011827 2
24 975541011830 2
24 975541011835 2
24 975541011838 2
24 975541011971 2
24 975541011973 2
24 975541011979 2
24 975541011981 2
24 975541011987 2
24 975541011989 2
24 975541011995 2
24 975541011997 2
24 975541012003 2
24 975541012005 2
24 975541012011 2
24 975541012013 2
24 975541012019 2
24 975541012021 2
24 975541012027 2
24 975541012029 2
24 975541012035 2
24 975541012037 2
24 975541012043 2
24 975541012045 2
24 975541012051 2
24 975541012053 2
24 975541012059 2
24 975541012061 2
24 975541012067 2
24 975541012069 2
24 975541012075 2
24 975541012077 2
24 975541012083 39
24 975541012085 2
24 975541012091 2
24 975541012093 2
24 975541012227 2
24 975541012229 2
24 975541012235 2
24 975541012237 2
24 975541012243 2
24 975541012245 2
24 975541012251 2
24 975541012253 2
24 975541012259 2
24 975541012261 2
24 975541012267 2
24 975541012269 2
24 975541012275 2
24 975541012277 2
24 975541012283 2
24 975541012285 2
24 975541012291 2
24 975541012293 2
24 975541012299 2
24 975541012301 2
24 975541012307 2
24 975541012309 2
24 975541012315 2
24 975541012317 2
24 975541012323 2
24 975541012325 2
24 975541012331 2
24 975541012333 2
24 975541012339 56
24 975541012341 2
24 975541012347 2
24 975541012349 2
26 975541011460 4
26 975541011468 4
26 975541011476 4
26 975541011484 4
26 975541011492 4
26 975541011500 4
26 975541011508 4
26 975541011516 4
26 975541011524 4
26 975541011532 4
26 975541011540 4
26 975541011548 4
26 975541011556 4
26 975541011564 4
26 975541011572 4
26 975541011580 4
26 975541011588 2
26 975541011596 2
26 975541011604 2
26 975541011612 2
26 975541011620 2
26 975541011628 2
26 975541011636 2
26 975541011644 2
26 975541011652 2
26 975541011660 2
26 975541011668 2
26 975541011676 2
26 975541011684 2
26 975541011692 2
26 975541011700 2
26 975541011708 2
27 975541011461 4
27 975541011462 2
27 975541011469 4
27 975541011470 2
27 975541011477 4
27 975541011478 2
27 975541011485 4
27 975541011486 2
27 975541011493 4
27 975541011494 2
27 975541011501 4
27 975541011502 2
27 975541011509 4
27 975541011510 2
27 975541011517 4
27 975541011518 2
27 975541011525 4
27 975541011526 2
27 975541011533 4
27 975541011534 2
27 975541011541 4
27 975541011542 2
27 975541011549 4
27 975541011550 2
27 975541011557 4
27 975541011558 2
27 975541011565 4
27 975541011566 2
27 975541011573 4
27 975541011574 2
27 975541011581 4
27 975541011582 2
27 975541011716 2
27 975541011717 2
27 975541011724 2
27 975541011725 2
27 975541011732 2
27 975541011733 2
27 975541011740 2
27 975541011741 2
27 975541011748 2
27 975541011749 2
27 975541011756 2
27 975541011757 2
27 975541011764 2
27 975541011765 2
27 975541011772 2
27 975541011773 2
27 975541011780 2
27 975541011781 2
27 975541011788 2
27 975541011789 2
27 975541011796 2
27 975541011797 2
27 975541011804 2
27 975541011805 2
27 975541011812 2
27 975541011813 2
27 975541011820 2
27 975541011821 2
27 975541011828 2
27 975541011829 2
27 975541011836 2
27 975541011837 2
27 975541011972 2
27 975541011973 2
27 975541011980 2
27 975541011981 2
27 975541011988 2
27 975541011989 2
27 975541011996 2
27 975541011997 2
27 975541012004 2
27 975541012005 2
27 975541012012 2
27 975541012013 2
27 975541012020 2
27 975541012021 2
27 975541012028 2
27 975541012029 2
27 975541012036 2
27 975541012037 2
27 975541012044 2
27 975541012045 2
27 975541012052 2
27 975541012053 2
27 975541012060 2
27 975541012061 2
27 975541012068 2
27 975541012069 2
27 975541012076 2
27 975541012077 2
27 975541012084 2
27 975541012085 2
27 975541012092 2
27 975541012093 2
27 975541012228 2
27 975541012230 2
27 975541012236 2
27 975541012238 2
27 975541012244 2
27 975541012246 2
27 975541012252 2
27 975541012254 2
27 975541012260 2
27 975541012262 2
27 975541012268 2
27 975541012270 2
27 975541012276 2
27 975541012278 2
27 975541012284 2
27 975541012286 2
27 975541012292 2
27 975541012294 2
27 975541012300 2
27 975541012302 2
27 975541012308 2
27 975541012310 2
27 975541012316 2
27 975541012318 2
27 975541012324 2
27 975541012326 2
27 975541012332 2
27 975541012334 2
27 975541012340 2
27 975541012342 2
27 975541012348 2
27 975541012350 2
29 975541011588 2
29 975541011590 2
29 975541011596 2
29 975541011598 2
29 975541011604 2
29 975541011606 2
29 975541011612 2
29 975541011614 2
29 975541011620 2
29 975541011622 2
29 975541011628 2
29 975541011630 2
29 975541011636 2
29 975541011638 2
29 975541011644 2
29 975541011646 2
29 975541011652 2
29 975541011654 2
29 975541011660 2
29 975541011662 2
29 975541011668 2
29 975541011670 2
29 975541011676 2
29 975541011678 2
29 975541011684 2
29 975541011686 2
29 975541011692 2
29 975541011694 2
29 975541011700 2
29 975541011702 2
29 975541011708 2
29 975541011710 2
29 975541012100 2
29 975541012108 2
29 975541012116 2
29 975541012124 2
29 975541012132 2
29 975541012140 2
29 975541012148 2
29 975541012156 2
29 975541012164 2
29 975541012172 2
29 975541012180 2
29 975541012188 2
29 975541012196 2
29 975541012204 2
29 975541012212 2
29 975541012220 2
30 975541011589 2
30 975541011590 2
30 975541011597 2
30 975541011598 2
30 975541011605 2
30 975541011606 2
30 975541011613 2
30 975541011614 2
30 975541011621 2
30 975541011622 2
30 975541011629 2
30 975541011630 2
30 975541011637 2
30 975541011638 2
30 975541011645 2
30 975541011646 2
30 975541011653 2
30 975541011654 2
30 975541011661 2
30 975541011662 2
30 975541011669 2
30 975541011670 2
30 975541011677 2
30 975541011678 2
30 975541011685 2
30 975541011686 2
30 975541011693 2
30 975541011694 2
30 975541011701 2
30 975541011702 2
30 975541011709 2
30 975541011710 2
30 975541011972 2
30 975541011973 2
30 975541011980 2
30 975541011981 2
30 975541011988 2
30 975541011989 2
30 975541011996 2
30 975541011997 2
30 975541012004 2
30 975541012005 2
30 975541012012 2
30 975541012013 2
30 975541012020 2
30 975541012021 2
30 975541012028 2
30 975541012029 2
30 975541012036 2
30 975541012037 2
30 975541012044 2
30 975541012045 2
30 975541012052 2
30 975541012053 2
30 975541012060 2
30 975541012061 2
30 975541012068 2
30 975541012069 2
30 975541012076 2
30 975541012077 2
30 975541012084 2
30 975541012085 2
30 975541012092 2
30 975541012093 2
30 975541012228 2
30 975541012230 2
30 975541012236 2
30 975541012238 2
30 975541012244 2
30 975541012246 2
30 975541012252 2
30 975541012254 2
30 975541012260 2
30 975541012262 2
30 975541012268 2
30 975541012270 2
30 975541012276 2
30 975541012278 2
30 975541012284 2
30 975541012286 2
30 975541012292 2
30 975541012294 2
30 975541012300 2
30 975541012302 2
30 975541012308 2
30 975541012310 2
30 975541012316 2
30 975541012318 2
30 975541012324 2
30 975541012326 2
30 975541012332 2
30 975541012334 2
30 975541012340 2
30 975541012342 2
30 975541012348 2
30 975541012350 2
33 975541011717 4
33 975541011725 4
33 975541011733 4
33 975541011741 4
33 975541011749 4
33 975541011757 4
33 975541011765 4
33 975541011773 4
33 975541011781 4
33 975541011789 4
33 975541011797 4
33 975541011805 4
33 975541011813 4
33 975541011821 4
33 975541011829 4
33 975541011837 4
33 975541011845 4
33 975541011853 4
33 975541011861 4
33 975541011869 4
33 975541011877 4
33 975541011885 4
33 975541011893 4
33 975541011901 4
33 975541011909 4
33 975541011917 4
33 975541011925 4
33 975541011933 4
33 975541011941 4
33 975541011949 4
33 975541011957 4
33 975541011965 4
33 975541012229 4
33 975541012237 4
33 975541012245 4
33 975541012253 4
33 975541012261 4
33 975541012269 4
33 975541012277 4
33 975541012285 4
33 975541012293 4
33 975541012301 4
33 975541012309 4
33 975541012317 4
33 975541012325 4
33 975541012333 4
33 975541012341 4
33 975541012349 4
36 975541011846 2
36 975541011847 2
36 975541011854 2
36 975541011855 2
36 975541011862 2
36 975541011863 2
36 975541011870 2
36 975541011871 2
36 975541011878 2
36 975541011879 2
36 975541011886 2
36 975541011887 2
36 975541011894 2
36 975541011895 2
36 975541011902 2
36 975541011903 2
36 975541011910 2
36 975541011911 2
36 975541011918 2
36 975541011919 2
36 975541011926 2
36 975541011927 2
36 975541011934 2
36 975541011935 2
36 975541011942 2
36 975541011943 2
36 975541011950 2
36 975541011951 2
36 975541011958 2
36 975541011959 2
36 975541011966 2
36 975541011967 2
36 975541011973 2
36 975541011974 2
36 975541011981 2
36 975541011982 2
36 975541011989 2
36 975541011990 2
36 975541011997 2
36 975541011998 2
36 975541012005 2
36 975541012006 2
36 975541012013 2
36 975541012014 2
36 975541012021 2
36 975541012022 2
36 975541012029 2
36 975541012030 2
36 975541012037 2
36 975541012038 2
36 975541012045 2
36 975541012046 2
36 975541012053 2
36 975541012054 2
36 975541012061 2
36 975541012062 2
36 975541012069 2
36 975541012070 2
36 975541012077 2
36 975541012078 2
36 975541012085 2
36 975541012086 2
36 975541012093 2
36 975541012094 2
36 975541012357 2
36 975541012359 2
36 975541012365 2
36 975541012367 2
36 975541012373 2
36 975541012375 2
36 975541012381 2
36 975541012383 2
36 975541012389 2
36 975541012391 2
36 975541012397 2
36 975541012399 2
36 975541012405 2
36 975541012407 2
36 975541012413 2
36 975541012415 2
36 975541012421 2
36 975541012423 2
36 975541012429 2
36 975541012431 2
36 975541012437 2
36 975541012439 2
36 975541012445 2
36 975541012447 2
36 975541012453 2
36 975541012455 2
36 975541012461 2
36 975541012463 2
36 975541012469 2
36 975541012471 2
36 975541012477 2
36 975541012479 2
41 975541012102 2
41 975541012103 2
41 975541012110 2
41 975541012111 2
41 975541012118 2
41 975541012119 2
41 975541012126 2
41 975541012127 2
41 975541012134 2
41 975541012135 2
41 975541012142 2
41 975541012143 2
41 975541012150 2
41 975541012151 2
41 975541012158 2
41 975541012159 2
41 975541012166 2
41 975541012167 2
41 975541012174 2
41 975541012175 2
41 975541012182 2
41 975541012183 2
41 975541012190 2
41 975541012191 2
41 975541012198 2
41 975541012199 2
41 975541012206 2
41 975541012207 2
41 975541012214 2
41 975541012215 2
41 975541012222 2
41 975541012223 2
41 975541012230 2
41 975541012238 2
41 975541012246 2
41 975541012254 2
41 975541012262 2
41 975541012270 2
41 975541012278 2
41 975541012286 2
41 975541012294 2
41 975541012302 2
41 975541012310 2
41 975541012318 2
41 975541012326 2
41 975541012334 2
41 975541012342 2
41 975541012350 2
