2 975541010432 4
2 975541010440 4
2 975541010448 4
2 975541010456 4
2 975541010464 4
2 975541010472 4
2 975541010480 4
2 975541010488 4
2 975541010496 4
2 975541010504 4
2 975541010512 4
2 975541010520 4
2 975541010528 4
2 975541010536 4
2 975541010544 4
2 975541010552 4
2 975541010560 2
2 975541010568 2
2 975541010576 2
2 975541010584 2
2 975541010592 2
2 975541010600 2
2 975541010608 2
2 975541010616 2
2 975541010624 2
2 975541010632 2
2 975541010640 2
2 975541010648 2
2 975541010656 2
2 975541010664 2
2 975541010672 2
2 975541010680 2
3 975541010432 14
3 975541010433 2
3 975541010434 4
3 975541010435 4
3 975541010438 40
3 975541010439 2
3 975541010440 14
3 975541010441 2
3 975541010442 4
3 975541010443 4
3 975541010446 2
3 975541010447 2
3 975541010448 14
3 975541010449 2
3 975541010450 4
3 975541010451 4
3 975541010454 2
3 975541010455 2
3 975541010456 14
3 975541010457 2
3 975541010458 4
3 975541010459 4
3 975541010462 2
3 975541010463 2
3 975541010464 14
3 975541010465 2
3 975541010466 4
3 975541010467 4
3 975541010470 2
3 975541010471 2
3 975541010472 14
3 975541010473 2
3 975541010474 4
3 975541010475 4
3 975541010478 2
3 975541010479 2
3 975541010480 14
3 975541010481 2
3 975541010482 4
3 975541010483 4
3 975541010486 2
3 975541010487 2
3 975541010488 14
3 975541010489 2
3 975541010490 4
3 975541010491 4
3 975541010494 2
3 975541010495 2
3 975541010496 14
3 975541010497 2
3 975541010498 4
3 975541010499 4
3 975541010502 2
3 975541010503 2
3 975541010504 14
3 975541010505 2
3 975541010506 4
3 975541010507 4
3 975541010510 2
3 975541010511 2
3 975541010512 14
3 975541010513 2
3 975541010514 4
3 975541010515 4
3 975541010518 2
3 975541010519 2
3 975541010520 14
3 975541010521 2
3 975541010522 4
3 975541010523 4
3 975541010526 2
3 975541010527 2
3 975541010528 14
3 975541010529 2
3 975541010530 4
3 975541010531 4
3 975541010534 2
3 975541010535 2
3 975541010536 14
3 975541010537 2
3 975541010538 4
3 975541010539 4
3 975541010542 2
3 975541010543 2
3 975541010544 14
3 975541010545 2
3 975541010546 4
3 975541010547 4
3 975541010550 2
3 975541010551 2
3 975541010552 14
3 975541010553 2
3 975541010554 4
3 975541010555 4
3 975541010558 2
3 975541010559 2
3 975541010560 4
3 975541010568 4
3 975541010576 4
3 975541010584 4
3 975541010592 4
3 975541010600 4
3 975541010608 4
3 975541010616 4
3 975541010624 4
3 975541010632 4
3 975541010640 4
3 975541010648 4
3 975541010656 4
3 975541010664 4
3 975541010672 4
3 975541010680 4
3 975541010688 4
3 975541010696 4
3 975541010704 4
3 975541010712 4
3 975541010720 4
3 975541010728 4
3 975541010736 4
3 975541010744 4
3 975541010752 4
3 975541010760 4
3 975541010768 4
3 975541010776 4
3 975541010784 4
3 975541010792 4
3 975541010800 4
3 975541010808 4
3 975541010816 4
3 975541010824 4
3 975541010832 4
3 975541010840 4
3 975541010848 4
3 975541010856 4
3 975541010864 4
3 975541010872 4
3 975541010880 4
3 975541010888 4
3 975541010896 4
3 975541010904 4
3 975541010912 4
3 975541010920 4
3 975541010928 4
3 975541010936 4
3 975541010944 4
3 975541010952 4
3 975541010960 4
3 975541010968 4
3 975541010976 4
3 975541010984 4
3 975541010992 4
3 975541011000 4
3 975541011008 4
3 975541011016 4
3 975541011024 4
3 975541011032 4
3 975541011040 4
3 975541011048 4
3 975541011056 4
3 975541011064 4
3 975541011072 4
3 975541011080 4
3 975541011088 4
3 975541011096 4
3 975541011104 4
3 975541011112 4
3 975541011120 4
3 975541011128 4
3 975541011136 4
3 975541011144 4
3 975541011152 4
3 975541011160 4
3 975541011168 4
3 975541011176 4
3 975541011184 4
3 975541011192 4
3 975541011200 4
3 975541011208 4
3 975541011216 4
3 975541011224 4
3 975541011232 4
3 975541011240 4
3 975541011248 4
3 975541011256 4
3 975541011264 4
3 975541011272 4
3 975541011280 4
3 975541011288 4
3 975541011296 4
3 975541011304 4
3 975541011312 4
3 975541011320 4
3 975541011328 6
3 975541011335 2
3 975541011336 6
3 975541011343 2
3 975541011344 6
3 975541011351 2
3 975541011352 6
3 975541011359 2
3 975541011360 6
3 975541011367 2
3 975541011368 6
3 975541011375 2
3 975541011376 6
3 975541011383 2
3 975541011384 6
3 975541011391 2
3 975541011392 6
3 975541011399 2
3 975541011400 6
3 975541011407 2
3 975541011408 6
3 975541011415 2
3 975541011416 6
3 975541011423 2
3 975541011424 6
3 975541011431 2
3 975541011432 6
3 975541011439 2
3 975541011440 6
3 975541011447 2
3 975541011448 6
3 975541011455 2
3 975541011456 4
3 975541011458 2
3 975541011459 2
3 975541011464 4
3 975541011466 2
3 975541011467 2
3 975541011472 4
3 975541011474 2
3 975541011475 2
3 975541011480 4
3 975541011482 2
3 975541011483 2
3 975541011488 4
3 975541011490 2
3 975541011491 2
3 975541011496 4
3 975541011498 2
3 975541011499 2
3 975541011504 4
3 975541011506 2
3 975541011507 2
3 975541011512 4
3 975541011514 2
3 975541011515 2
3 975541011520 4
3 975541011522 2
3 975541011523 2
3 975541011528 4
3 975541011530 2
3 975541011531 2
3 975541011536 4
3 975541011538 2
3 975541011539 2
3 975541011544 4
3 975541011546 2
3 975541011547 2
3 975541011552 4
3 975541011554 2
3 975541011555 2
3 975541011560 4
3 975541011562 2
3 975541011563 2
3 975541011568 4
3 975541011570 2
3 975541011571 2
3 975541011576 4
3 975541011578 2
3 975541011579 2
3 975541011584 4
3 975541011585 2
3 975541011590 2
3 975541011592 4
3 975541011593 2
3 975541011598 2
3 975541011600 4
3 975541011601 2
3 975541011606 2
3 975541011608 4
3 975541011609 2
3 975541011614 2
3 975541011616 187
3 975541011617 2
3 975541011622 46
3 975541011624 4
3 975541011625 2
3 975541011630 2
3 975541011632 4
3 975541011633 2
3 975541011638 13
3 975541011640 4
3 975541011641 2
3 975541011646 2
3 975541011648 4
3 975541011649 2
3 975541011654 95
3 975541011656 4
3 975541011657 2
3 975541011662 2
3 975541011664 4
3 975541011665 2
3 975541011670 2
3 975541011672 4
3 975541011673 2
3 975541011678 2
3 975541011680 4
3 975541011681 2
3 975541011686 118
3 975541011688 4
3 975541011689 2
3 975541011694 2
3 975541011696 4
3 975541011697 2
3 975541011702 2
3 975541011704 4
3 975541011705 2
3 975541011710 2
3 975541012096 2
3 975541012098 2
3 975541012104 2
3 975541012106 2
3 975541012112 2
3 975541012114 2
3 975541012120 2
3 975541012122 2
3 975541012128 2
3 975541012130 2
3 975541012136 2
3 975541012138 2
3 975541012144 2
3 975541012146 2
3 975541012152 2
3 975541012154 2
3 975541012160 2
3 975541012162 2
3 975541012168 2
3 975541012170 2
3 975541012176 2
3 975541012178 2
3 975541012184 2
3 975541012186 2
3 975541012192 126
3 975541012194 2
3 975541012200 2
3 975541012202 2
3 975541012208 2
3 975541012210 2
3 975541012216 2
3 975541012218 2
3 975541012224 2
3 975541012227 2
3 975541012232 2
3 975541012235 2
3 975541012240 2
3 975541012243 2
3 975541012248 2
3 975541012251 2
3 975541012256 2
3 975541012259 2
3 975541012264 2
3 975541012267 2
3 975541012272 2
3 975541012275 2
3 975541012280 2
3 975541012283 2
3 975541012288 2
3 975541012291 2
3 975541012296 2
3 975541012299 2
3 975541012304 2
3 975541012307 2
3 975541012312 2
3 975541012315 2
3 975541012320 2
3 975541012323 2
3 975541012328 2
3 975541012331 2
3 975541012336 2
3 975541012339 2
3 975541012344 2
3 975541012347 2
5 975541010560 2
5 975541010562 2
5 975541010568 2
5 975541010570 2
5 975541010576 2
5 975541010578 2
5 975541010584 2
5 975541010586 2
5 975541010592 2
5 975541010594 2
5 975541010600 2
5 975541010602 2
5 975541010608 2
5 975541010610 2
5 975541010616 2
5 975541010618 2
5 975541010624 2
5 975541010626 2
5 975541010632 2
5 975541010634 2
5 975541010640 2
5 975541010642 2
5 975541010648 2
5 975541010650 2
5 975541010656 2
5 975541010658 2
5 975541010664 2
5 975541010666 2
5 975541010672 2
5 975541010674 2
5 975541010680 2
5 975541010682 2
5 975541011072 2
5 975541011080 2
5 975541011088 2
5 975541011096 2
5 975541011104 2
5 975541011112 2
5 975541011120 2
5 975541011128 2
5 975541011136 2
5 975541011144 2
5 975541011152 2
5 975541011160 2
5 975541011168 2
5 975541011176 2
5 975541011184 2
5 975541011192 2
6 975541010561 2
6 975541010562 2
6 975541010563 6
6 975541010564 10
6 975541010565 4
6 975541010566 2
6 975541010567 4
6 975541010569 2
6 975541010570 2
6 975541010571 6
6 975541010572 10
6 975541010573 4
6 975541010574 2
6 975541010575 4
6 975541010577 2
6 975541010578 2
6 975541010579 6
6 975541010580 10
6 975541010581 4
6 975541010582 2
6 975541010583 4
6 975541010585 2
6 975541010586 2
6 975541010587 6
6 975541010588 10
6 975541010589 4
6 975541010590 2
6 975541010591 4
6 975541010593 2
6 975541010594 2
6 975541010595 6
6 975541010596 10
6 975541010597 4
6 975541010598 2
6 975541010599 4
6 975541010601 2
6 975541010602 2
6 975541010603 6
6 975541010604 76
6 975541010605 4
6 975541010606 2
6 975541010607 4
6 975541010609 2
6 975541010610 2
6 975541010611 6
6 975541010612 10
6 975541010613 4
6 975541010614 2
6 975541010615 4
6 975541010617 2
6 975541010618 2
6 975541010619 6
6 975541010620 10
6 975541010621 4
6 975541010622 2
6 975541010623 4
6 975541010625 2
6 975541010626 2
6 975541010627 6
6 975541010628 10
6 975541010629 4
6 975541010630 2
6 975541010631 4
6 975541010633 2
6 975541010634 2
6 975541010635 6
6 975541010636 10
6 975541010637 4
6 975541010638 2
6 975541010639 4
6 975541010641 2
6 975541010642 2
6 975541010643 6
6 975541010644 10
6 975541010645 4
6 975541010646 2
6 975541010647 4
6 975541010649 2
6 975541010650 2
6 975541010651 6
6 975541010652 10
6 975541010653 4
6 975541010654 2
6 975541010655 4
6 975541010657 2
6 975541010658 2
6 975541010659 6
6 975541010660 10
6 975541010661 4
6 975541010662 2
6 975541010663 4
6 975541010665 2
6 975541010666 2
6 975541010667 6
6 975541010668 10
6 975541010669 4
6 975541010670 2
6 975541010671 4
6 975541010673 2
6 975541010674 2
6 975541010675 6
6 975541010676 10
6 975541010677 4
6 975541010678 2
6 975541010679 4
6 975541010681 2
6 975541010682 2
6 975541010683 6
6 975541010684 10
6 975541010685 4
6 975541010686 2
6 975541010687 4
6 975541010688 2
6 975541010691 2
6 975541010696 2
6 975541010699 2
6 975541010704 2
6 975541010707 2
6 975541010712 2
6 975541010715 2
6 975541010720 2
6 975541010723 2
6 975541010728 2
6 975541010731 2
6 975541010736 2
6 975541010739 2
6 975541010744 2
6 975541010747 2
6 975541010752 2
6 975541010755 2
6 975541010760 2
6 975541010763 2
6 975541010768 2
6 975541010771 2
6 975541010776 2
6 975541010779 2
6 975541010784 2
6 975541010787 2
6 975541010792 2
6 975541010795 2
6 975541010800 2
6 975541010803 2
6 975541010808 2
6 975541010811 2
6 975541010816 2
6 975541010819 2
6 975541010824 2
6 975541010827 2
6 975541010832 2
6 975541010835 2
6 975541010840 2
6 975541010843 281
6 975541010848 2
6 975541010851 2
6 975541010856 2
6 975541010859 2
6 975541010864 2
6 975541010867 2
6 975541010872 2
6 975541010875 2
6 975541010880 2
6 975541010883 2
6 975541010888 2
6 975541010891 2
6 975541010896 2
6 975541010899 2
6 975541010904 2
6 975541010907 2
6 975541010912 2
6 975541010915 2
6 975541010920 2
6 975541010923 2
6 975541010928 2
6 975541010931 2
6 975541010936 2
6 975541010939 2
6 975541010944 2
6 975541010948 2
6 975541010952 2
6 975541010956 2
6 975541010960 2
6 975541010964 2
6 975541010968 2
6 975541010972 2
6 975541010976 2
6 975541010980 2
6 975541010984 2
6 975541010988 2
6 975541010992 2
6 975541010996 2
6 975541011000 2
6 975541011004 2
6 975541011008 2
6 975541011012 2
6 975541011016 2
6 975541011020 2
6 975541011024 2
6 975541011028 2
6 975541011032 2
6 975541011036 2
6 975541011040 2
6 975541011044 2
6 975541011048 2
6 975541011052 2
6 975541011056 2
6 975541011060 2
6 975541011064 2
6 975541011068 2
6 975541011072 2
6 975541011076 2
6 975541011080 2
6 975541011084 2
6 975541011088 120
6 975541011092 2
6 975541011096 2
6 975541011100 2
6 975541011104 2
6 975541011108 2
6 975541011112 2
6 975541011116 57
6 975541011120 2
6 975541011124 2
6 975541011128 2
6 975541011132 2
6 975541011136 2
6 975541011140 2
6 975541011144 2
6 975541011148 2
6 975541011152 2
6 975541011156 2
6 975541011160 2
6 975541011164 2
6 975541011168 2
6 975541011172 2
6 975541011176 2
6 975541011180 2
6 975541011184 2
6 975541011188 2
6 975541011192 2
6 975541011196 2
6 975541011200 2
6 975541011205 2
6 975541011208 2
6 975541011213 2
6 975541011216 2
6 975541011221 2
6 975541011224 2
6 975541011229 2
6 975541011232 2
6 975541011237 2
6 975541011240 2
6 975541011245 2
6 975541011248 2
6 975541011253 2
6 975541011256 2
6 975541011261 2
6 975541011264 2
6 975541011269 2
6 975541011272 2
6 975541011277 2
6 975541011280 2
6 975541011285 2
6 975541011288 2
6 975541011293 2
6 975541011296 2
6 975541011301 2
6 975541011304 2
6 975541011309 2
6 975541011312 2
6 975541011317 2
6 975541011320 2
6 975541011325 2
6 975541011328 2
6 975541011333 2
6 975541011336 2
6 975541011341 2
6 975541011344 2
6 975541011349 2
6 975541011352 2
6 975541011357 2
6 975541011360 2
6 975541011365 2
6 975541011368 2
6 975541011373 2
6 975541011376 2
6 975541011381 2
6 975541011384 2
6 975541011389 2
6 975541011392 2
6 975541011397 2
6 975541011400 67
6 975541011405 2
6 975541011408 2
6 975541011413 2
6 975541011416 2
6 975541011421 2
6 975541011424 2
6 975541011429 2
6 975541011432 2
6 975541011437 2
6 975541011440 2
6 975541011445 2
6 975541011448 2
6 975541011453 2
6 975541011456 2
6 975541011460 2
6 975541011464 2
6 975541011468 2
6 975541011472 2
6 975541011476 2
6 975541011480 2
6 975541011484 2
6 975541011488 2
6 975541011492 2
6 975541011496 2
6 975541011500 2
6 975541011504 2
6 975541011508 2
6 975541011512 2
6 975541011516 2
6 975541011520 2
6 975541011524 2
6 975541011528 2
6 975541011532 2
6 975541011536 2
6 975541011540 2
6 975541011544 2
6 975541011548 2
6 975541011552 2
6 975541011556 2
6 975541011560 2
6 975541011564 2
6 975541011568 2
6 975541011572 2
6 975541011576 2
6 975541011580 2
6 975541011584 2
6 975541011587 2
6 975541011592 2
6 975541011595 2
6 975541011600 2
6 975541011603 2
6 975541011608 2
6 975541011611 2
6 975541011616 2
6 975541011619 2
6 975541011624 2
6 975541011627 2
6 975541011632 2
6 975541011635 2
6 975541011640 2
6 975541011643 2
6 975541011648 2
6 975541011651 2
6 975541011656 2
6 975541011659 2
6 975541011664 2
6 975541011667 2
6 975541011672 2
6 975541011675 2
6 975541011680 2
6 975541011683 2
6 975541011688 2
6 975541011691 2
6 975541011696 2
6 975541011699 2
6 975541011704 2
6 975541011707 2
6 975541011712 4
6 975541011716 2
6 975541011719 2
6 975541011720 4
6 975541011724 2
6 975541011727 2
6 975541011728 4
6 975541011732 2
6 975541011735 2
6 975541011736 4
6 975541011740 2
6 975541011743 2
6 975541011744 4
6 975541011748 2
6 975541011751 2
6 975541011752 4
6 975541011756 2
6 975541011759 2
6 975541011760 4
6 975541011764 2
6 975541011767 2
6 975541011768 4
6 975541011772 2
6 975541011775 2
6 975541011776 4
6 975541011780 2
6 975541011783 2
6 975541011784 4
6 975541011788 2
6 975541011791 2
6 975541011792 4
6 975541011796 2
6 975541011799 2
6 975541011800 4
6 975541011804 2
6 975541011807 2
6 975541011808 4
6 975541011812 2
6 975541011815 2
6 975541011816 4
6 975541011820 2
6 975541011823 2
6 975541011824 4
6 975541011828 2
6 975541011831 2
6 975541011832 4
6 975541011836 2
6 975541011839 2
6 975541011968 2
6 975541011974 2
6 975541011976 2
6 975541011982 2
6 975541011984 2
6 975541011990 2
6 975541011992 2
6 975541011998 2
6 975541012000 2
6 975541012006 2
6 975541012008 2
6 975541012014 2
6 975541012016 2
6 975541012022 2
6 975541012024 2
6 975541012030 2
6 975541012032 2
6 975541012038 2
6 975541012040 2
6 975541012046 2
6 975541012048 2
6 975541012054 2
6 975541012056 2
6 975541012062 2
6 975541012064 2
6 975541012070 2
6 975541012072 2
6 975541012078 2
6 975541012080 2
6 975541012086 2
6 975541012088 2
6 975541012094 2
6 975541012096 2
6 975541012100 2
6 975541012104 2
6 975541012108 2
6 975541012112 2
6 975541012116 2
6 975541012120 2
6 975541012124 2
6 975541012128 2
6 975541012132 2
6 975541012136 2
6 975541012140 2
6 975541012144 2
6 975541012148 2
6 975541012152 2
6 975541012156 2
6 975541012160 2
6 975541012164 2
6 975541012168 2
6 975541012172 2
6 975541012176 2
6 975541012180 2
6 975541012184 2
6 975541012188 2
6 975541012192 2
6 975541012196 2
6 975541012200 2
6 975541012204 2
6 975541012208 2
6 975541012212 2
6 975541012216 2
6 975541012220 2
6 975541012352 6
6 975541012353 2
6 975541012354 2
6 975541012359 2
6 975541012360 6
6 975541012361 2
6 975541012362 2
6 975541012367 2
6 975541012368 6
6 975541012369 2
6 975541012370 2
6 975541012375 2
6 975541012376 6
6 975541012377 2
6 975541012378 2
6 975541012383 2
6 975541012384 6
6 975541012385 2
6 975541012386 2
6 975541012391 2
6 975541012392 6
6 975541012393 2
6 975541012394 2
6 975541012399 2
6 975541012400 6
6 975541012401 2
6 975541012402 2
6 975541012407 2
6 975541012408 6
6 975541012409 2
6 975541012410 2
6 975541012415 2
6 975541012416 6
6 975541012417 2
6 975541012418 2
6 975541012423 2
6 975541012424 6
6 975541012425 2
6 975541012426 2
6 975541012431 2
6 975541012432 6
6 975541012433 2
6 975541012434 2
6 975541012439 2
6 975541012440 6
6 975541012441 2
6 975541012442 2
6 975541012447 2
6 975541012448 63
6 975541012449 2
6 975541012450 2
6 975541012455 2
6 975541012456 6
6 975541012457 2
6 975541012458 2
6 975541012463 2
6 975541012464 6
6 975541012465 2
6 975541012466 2
6 975541012471 2
6 975541012472 6
6 975541012473 2
6 975541012474 2
6 975541012479 2
9 975541010689 2
9 975541010690 6
9 975541010691 2
9 975541010692 2
9 975541010693 6
9 975541010694 162
9 975541010695 2
9 975541010697 2
9 975541010698 6
9 975541010699 2
9 975541010700 2
9 975541010701 6
9 975541010702 28
9 975541010703 2
9 975541010705 2
9 975541010706 6
9 975541010707 2
9 975541010708 2
9 975541010709 6
9 975541010710 4
9 975541010711 2
9 975541010713 2
9 975541010714 6
9 975541010715 2
9 975541010716 2
9 975541010717 6
9 975541010718 4
9 975541010719 2
9 975541010721 2
9 975541010722 6
9 975541010723 2
9 975541010724 2
9 975541010725 6
9 975541010726 4
9 975541010727 2
9 975541010729 2
9 975541010730 6
9 975541010731 2
9 975541010732 2
9 975541010733 6
9 975541010734 4
9 975541010735 2
9 975541010737 2
9 975541010738 6
9 975541010739 2
9 975541010740 2
9 975541010741 6
9 975541010742 4
9 975541010743 2
9 975541010745 2
9 975541010746 6
9 975541010747 2
9 975541010748 2
9 975541010749 6
9 975541010750 4
9 975541010751 2
9 975541010753 2
9 975541010754 6
9 975541010755 2
9 975541010756 2
9 975541010757 6
9 975541010758 4
9 975541010759 2
9 975541010761 2
9 975541010762 6
9 975541010763 2
9 975541010764 2
9 975541010765 6
9 975541010766 45
9 975541010767 2
9 975541010769 2
9 975541010770 6
9 975541010771 2
9 975541010772 2
9 975541010773 6
9 975541010774 4
9 975541010775 2
9 975541010777 2
9 975541010778 6
9 975541010779 2
9 975541010780 2
9 975541010781 6
9 975541010782 4
9 975541010783 2
9 975541010785 2
9 975541010786 6
9 975541010787 2
9 975541010788 2
9 975541010789 6
9 975541010790 108
9 975541010791 2
9 975541010793 2
9 975541010794 6
9 975541010795 2
9 975541010796 2
9 975541010797 6
9 975541010798 4
9 975541010799 2
9 975541010801 2
9 975541010802 6
9 975541010803 2
9 975541010804 2
9 975541010805 6
9 975541010806 4
9 975541010807 2
9 975541010809 2
9 975541010810 6
9 975541010811 2
9 975541010812 51
9 975541010813 6
9 975541010814 33
9 975541010815 2
9 975541010817 4
9 975541010825 4
9 975541010833 4
9 975541010841 4
9 975541010849 4
9 975541010857 4
9 975541010865 4
9 975541010873 4
9 975541010881 4
9 975541010889 4
9 975541010897 4
9 975541010905 4
9 975541010913 4
9 975541010921 4
9 975541010929 4
9 975541010937 4
9 975541010945 2
9 975541010946 2
9 975541010953 2
9 975541010954 2
9 975541010961 2
9 975541010962 94
9 975541010969 2
9 975541010970 2
9 975541010977 2
9 975541010978 2
9 975541010985 2
9 975541010986 2
9 975541010993 2
9 975541010994 2
9 975541011001 2
9 975541011002 2
9 975541011009 2
9 975541011010 6
9 975541011017 2
9 975541011018 2
9 975541011025 2
9 975541011026 2
9 975541011033 2
9 975541011034 2
9 975541011041 2
9 975541011042 2
9 975541011049 2
9 975541011050 2
9 975541011057 2
9 975541011058 2
9 975541011065 2
9 975541011066 2
9 975541011073 2
9 975541011075 2
9 975541011081 2
9 975541011083 2
9 975541011089 2
9 975541011091 2
9 975541011097 2
9 975541011099 2
9 975541011105 2
9 975541011107 2
9 975541011113 2
9 975541011115 2
9 975541011121 2
9 975541011123 2
9 975541011129 2
9 975541011131 2
9 975541011137 25
9 975541011139 2
9 975541011145 2
9 975541011147 2
9 975541011153 2
9 975541011155 2
9 975541011161 2
9 975541011163 78
9 975541011169 2
9 975541011171 2
9 975541011177 2
9 975541011179 2
9 975541011185 12
9 975541011187 2
9 975541011193 6
9 975541011195 2
9 975541011201 2
9 975541011204 2
9 975541011209 2
9 975541011212 2
9 975541011217 2
9 975541011220 2
9 975541011225 2
9 975541011228 2
9 975541011233 2
9 975541011236 2
9 975541011241 78
9 975541011244 2
9 975541011249 2
9 975541011252 2
9 975541011257 2
9 975541011260 2
9 975541011265 2
9 975541011268 2
9 975541011273 2
9 975541011276 2
9 975541011281 2
9 975541011284 2
9 975541011289 2
9 975541011292 2
9 975541011297 2
9 975541011300 2
9 975541011305 2
9 975541011308 2
9 975541011313 2
9 975541011316 2
9 975541011321 2
9 975541011324 2
9 975541011329 2
9 975541011333 2
9 975541011337 2
9 975541011341 2
9 975541011345 2
9 975541011349 2
9 975541011353 2
9 975541011357 2
9 975541011361 2
9 975541011365 2
9 975541011369 2
9 975541011373 2
9 975541011377 2
9 975541011381 2
9 975541011385 2
9 975541011389 2
9 975541011393 2
9 975541011397 2
9 975541011401 2
9 975541011405 2
9 975541011409 2
9 975541011413 2
9 975541011417 2
9 975541011421 2
9 975541011425 2
9 975541011429 2
9 975541011433 2
9 975541011437 2
9 975541011441 2
9 975541011445 2
9 975541011449 2
9 975541011453 2
9 975541011457 2
9 975541011462 2
9 975541011465 2
9 975541011470 2
9 975541011473 2
9 975541011478 2
9 975541011481 2
9 975541011486 2
9 975541011489 2
9 975541011494 2
9 975541011497 2
9 975541011502 2
9 975541011505 2
9 975541011510 2
9 975541011513 2
9 975541011518 2
9 975541011521 2
9 975541011526 2
9 975541011529 2
9 975541011534 2
9 975541011537 2
9 975541011542 2
9 975541011545 2
9 975541011550 2
9 975541011553 2
9 975541011558 2
9 975541011561 2
9 975541011566 2
9 975541011569 2
9 975541011574 2
9 975541011577 2
9 975541011582 2
9 975541011713 2
9 975541011714 2
9 975541011721 2
9 975541011722 2
9 975541011729 2
9 975541011730 2
9 975541011737 2
9 975541011738 2
9 975541011745 2
9 975541011746 2
9 975541011753 2
9 975541011754 2
9 975541011761 2
9 975541011762 2
9 975541011769 2
9 975541011770 2
9 975541011777 2
9 975541011778 2
9 975541011785 2
9 975541011786 2
9 975541011793 2
9 975541011794 2
9 975541011801 2
9 975541011802 2
9 975541011809 2
9 975541011810 2
9 975541011817 2
9 975541011818 2
9 975541011825 2
9 975541011826 2
9 975541011833 2
9 975541011834 2
9 975541011841 4
9 975541011842 2
9 975541011845 2
9 975541011849 4
9 975541011850 2
9 975541011853 2
9 975541011857 4
9 975541011858 2
9 975541011861 2
9 975541011865 4
9 975541011866 108
9 975541011869 2
9 975541011873 4
9 975541011874 2
9 975541011877 2
9 975541011881 4
9 975541011882 2
9 975541011885 2
9 975541011889 4
9 975541011890 2
9 975541011893 2
9 975541011897 4
9 975541011898 2
9 975541011901 2
9 975541011905 4
9 975541011906 2
9 975541011909 2
9 975541011913 4
9 975541011914 2
9 975541011917 2
9 975541011921 4
9 975541011922 2
9 975541011925 2
9 975541011929 4
9 975541011930 199
9 975541011933 2
9 975541011937 4
9 975541011938 2
9 975541011941 2
9 975541011945 4
9 975541011946 2
9 975541011949 2
9 975541011953 4
9 975541011954 2
9 975541011957 2
9 975541011961 4
9 975541011962 2
9 975541011965 2
9 975541011969 2
9 975541011973 2
9 975541011977 2
9 975541011981 2
9 975541011985 2
9 975541011989 2
9 975541011993 2
9 975541011997 2
9 975541012001 2
9 975541012005 2
9 975541012009 2
9 975541012013 2
9 975541012017 2
9 975541012021 2
9 975541012025 2
9 975541012029 2
9 975541012033 2
9 975541012037 2
9 975541012041 2
9 975541012045 2
9 975541012049 2
9 975541012053 2
9 975541012057 2
9 975541012061 2
9 975541012065 2
9 975541012069 2
9 975541012073 2
9 975541012077 2
9 975541012081 2
9 975541012085 2
9 975541012089 2
9 975541012093 2
9 975541012097 2
9 975541012103 2
9 975541012105 2
9 975541012111 2
9 975541012113 2
9 975541012119 2
9 975541012121 2
9 975541012127 2
9 975541012129 2
9 975541012135 2
9 975541012137 2
9 975541012143 2
9 975541012145 2
9 975541012151 2
9 975541012153 2
9 975541012159 2
9 975541012161 2
9 975541012167 2
9 975541012169 2
9 975541012175 2
9 975541012177 2
9 975541012183 2
9 975541012185 2
9 975541012191 2
9 975541012193 2
9 975541012199 2
9 975541012201 2
9 975541012207 2
9 975541012209 2
9 975541012215 2
9 975541012217 2
9 975541012223 2
9 975541012225 2
9 975541012230 2
9 975541012233 2
9 975541012238 2
9 975541012241 2
9 975541012246 2
9 975541012249 2
9 975541012254 2
9 975541012257 2
9 975541012262 2
9 975541012265 2
9 975541012270 2
9 975541012273 2
9 975541012278 2
9 975541012281 2
9 975541012286 2
9 975541012289 2
9 975541012294 2
9 975541012297 2
9 975541012302 2
9 975541012305 2
9 975541012310 2
9 975541012313 2
9 975541012318 2
9 975541012321 3
9 975541012326 2
9 975541012329 2
9 975541012334 2
9 975541012337 2
9 975541012342 2
9 975541012345 2
9 975541012350 2
11 975541010817 2
11 975541010820 2
11 975541010825 2
11 975541010828 2
11 975541010833 2
11 975541010836 2
11 975541010841 2
11 975541010844 2
11 975541010849 2
11 975541010852 2
11 975541010857 2
11 975541010860 2
11 975541010865 2
11 975541010868 2
11 975541010873 2
11 975541010876 2
11 975541010881 2
11 975541010884 2
11 975541010889 2
11 975541010892 2
11 975541010897 2
11 975541010900 2
11 975541010905 2
11 975541010908 2
11 975541010913 2
11 975541010916 2
11 975541010921 2
11 975541010924 2
11 975541010929 2
11 975541010932 2
11 975541010937 2
11 975541010940 2
11 975541011457 2
11 975541011465 2
11 975541011473 2
11 975541011481 2
11 975541011489 2
11 975541011497 2
11 975541011505 2
11 975541011513 2
11 975541011521 2
11 975541011529 2
11 975541011537 2
11 975541011545 2
11 975541011553 2
11 975541011561 2
11 975541011569 2
11 975541011577 2
12 975541010818 4
12 975541010820 2
12 975541010821 4
12 975541010822 2
12 975541010823 6
12 975541010826 4
12 975541010828 2
12 975541010829 4
12 975541010830 2
12 975541010831 6
12 975541010834 4
12 975541010836 2
12 975541010837 14
12 975541010838 2
12 975541010839 6
12 975541010842 4
12 975541010844 2
12 975541010845 4
12 975541010846 2
12 975541010847 6
12 975541010850 14
12 975541010852 2
12 975541010853 4
12 975541010854 2
12 975541010855 6
12 975541010858 6
12 975541010860 2
12 975541010861 4
12 975541010862 2
12 975541010863 6
12 975541010866 4
12 975541010868 7
12 975541010869 4
12 975541010870 2
12 975541010871 6
12 975541010874 4
12 975541010876 2
12 975541010877 4
12 975541010878 2
12 975541010879 6
12 975541010882 4
12 975541010884 2
12 975541010885 4
12 975541010886 2
12 975541010887 6
12 975541010890 4
12 975541010892 2
12 975541010893 4
12 975541010894 2
12 975541010895 6
12 975541010898 4
12 975541010900 7
12 975541010901 4
12 975541010902 2
12 975541010903 6
12 975541010906 4
12 975541010908 4
12 975541010909 4
12 975541010910 2
12 975541010911 6
12 975541010914 20
12 975541010916 2
12 975541010917 12
12 975541010918 2
12 975541010919 6
12 975541010922 6
12 975541010924 2
12 975541010925 21
12 975541010926 2
12 975541010927 6
12 975541010930 4
12 975541010932 2
12 975541010933 4
12 975541010934 2
12 975541010935 6
12 975541010938 4
12 975541010940 12
12 975541010941 4
12 975541010942 2
12 975541010943 6
12 975541010945 2
12 975541010949 2
12 975541010953 2
12 975541010957 2
12 975541010961 2
12 975541010965 2
12 975541010969 2
12 975541010973 2
12 975541010977 2
12 975541010981 2
12 975541010985 2
12 975541010989 2
12 975541010993 2
12 975541010997 2
12 975541011001 2
12 975541011005 2
12 975541011009 2
12 975541011013 2
12 975541011017 2
12 975541011021 2
12 975541011025 2
12 975541011029 2
12 975541011033 2
12 975541011037 2
12 975541011041 2
12 975541011045 2
12 975541011049 2
12 975541011053 2
12 975541011057 2
12 975541011061 2
12 975541011065 2
12 975541011069 2
12 975541011073 2
12 975541011079 2
12 975541011081 2
12 975541011087 2
12 975541011089 2
12 975541011095 2
12 975541011097 2
12 975541011103 2
12 975541011105 2
12 975541011111 2
12 975541011113 2
12 975541011119 2
12 975541011121 2
12 975541011127 2
12 975541011129 2
12 975541011135 2
12 975541011137 2
12 975541011143 2
12 975541011145 2
12 975541011151 2
12 975541011153 2
12 975541011159 2
12 975541011161 2
12 975541011167 2
12 975541011169 2
12 975541011175 2
12 975541011177 2
12 975541011183 2
12 975541011185 2
12 975541011191 2
12 975541011193 2
12 975541011199 2
12 975541011329 2
12 975541011330 2
12 975541011337 2
12 975541011338 2
12 975541011345 2
12 975541011346 2
12 975541011353 2
12 975541011354 2
12 975541011361 2
12 975541011362 2
12 975541011369 11
12 975541011370 2
12 975541011377 2
12 975541011378 2
12 975541011385 2
12 975541011386 2
12 975541011393 2
12 975541011394 2
12 975541011401 3
12 975541011402 2
12 975541011409 2
12 975541011410 2
12 975541011417 2
12 975541011418 2
12 975541011425 87
12 975541011426 2
12 975541011433 10
12 975541011434 2
12 975541011441 3
12 975541011442 2
12 975541011449 3
12 975541011450 2
12 975541011457 2
12 975541011460 2
12 975541011465 2
12 975541011468 2
12 975541011473 2
12 975541011476 2
12 975541011481 2
12 975541011484 2
12 975541011489 2
12 975541011492 2
12 975541011497 2
12 975541011500 2
12 975541011505 8
12 975541011508 2
12 975541011513 2
12 975541011516 2
12 975541011521 2
12 975541011524 2
12 975541011529 2
12 975541011532 2
12 975541011537 17
12 975541011540 2
12 975541011545 14
12 975541011548 2
12 975541011553 2
12 975541011556 2
12 975541011561 2
12 975541011564 2
12 975541011569 2
12 975541011572 2
12 975541011577 2
12 975541011580 2
12 975541011585 2
12 975541011589 2
12 975541011593 2
12 975541011597 2
12 975541011601 2
12 975541011605 2
12 975541011609 5
12 975541011613 2
12 975541011617 2
12 975541011621 2
12 975541011625 2
12 975541011629 2
12 975541011633 3
12 975541011637 2
12 975541011641 8
12 975541011645 20
12 975541011649 2
12 975541011653 2
12 975541011657 2
12 975541011661 2
12 975541011665 2
12 975541011669 2
12 975541011673 584
12 975541011677 2
12 975541011681 2
12 975541011685 2
12 975541011689 2
12 975541011693 2
12 975541011697 309
12 975541011701 2
12 975541011705 2
12 975541011709 2
12 975541011713 2
12 975541011719 2
12 975541011721 2
12 975541011727 2
12 975541011729 2
12 975541011735 2
12 975541011737 2
12 975541011743 2
12 975541011745 2
12 975541011751 2
12 975541011753 2
12 975541011759 2
12 975541011761 2
12 975541011767 2
12 975541011769 2
12 975541011775 2
12 975541011777 2
12 975541011783 2
12 975541011785 2
12 975541011791 2
12 975541011793 2
12 975541011799 2
12 975541011801 2
12 975541011807 2
12 975541011809 2
12 975541011815 2
12 975541011817 2
12 975541011823 2
12 975541011825 2
12 975541011831 2
12 975541011833 2
12 975541011839 2
12 975541012097 4
12 975541012098 2
12 975541012102 2
12 975541012105 4
12 975541012106 2
12 975541012110 2
12 975541012113 4
12 975541012114 2
12 975541012118 2
12 975541012121 4
12 975541012122 2
12 975541012126 2
12 975541012129 4
12 975541012130 2
12 975541012134 2
12 975541012137 4
12 975541012138 2
12 975541012142 2
12 975541012145 4
12 975541012146 2
12 975541012150 2
12 975541012153 4
12 975541012154 2
12 975541012158 2
12 975541012161 4
12 975541012162 2
12 975541012166 2
12 975541012169 4
12 975541012170 2
12 975541012174 2
12 975541012177 4
12 975541012178 2
12 975541012182 2
12 975541012185 4
12 975541012186 2
12 975541012190 2
12 975541012193 4
12 975541012194 2
12 975541012198 2
12 975541012201 4
12 975541012202 2
12 975541012206 2
12 975541012209 4
12 975541012210 2
12 975541012214 2
12 975541012217 4
12 975541012218 2
12 975541012222 2
12 975541012353 2
12 975541012359 2
12 975541012361 2
12 975541012367 2
12 975541012369 2
12 975541012375 2
12 975541012377 2
12 975541012383 2
12 975541012385 2
12 975541012391 2
12 975541012393 2
12 975541012399 2
12 975541012401 2
12 975541012407 2
12 975541012409 2
12 975541012415 2
12 975541012417 2
12 975541012423 2
12 975541012425 2
12 975541012431 2
12 975541012433 2
12 975541012439 2
12 975541012441 2
12 975541012447 2
12 975541012449 2
12 975541012455 2
12 975541012457 2
12 975541012463 2
12 975541012465 2
12 975541012471 2
12 975541012473 2
12 975541012479 2
15 975541010946 2
15 975541010947 4
15 975541010948 2
15 975541010949 2
15 975541010950 10
15 975541010951 2
15 975541010954 2
15 975541010955 4
15 975541010956 2
15 975541010957 2
15 975541010958 8
15 975541010959 2
15 975541010962 2
15 975541010963 4
15 975541010964 2
15 975541010965 2
15 975541010966 2
15 975541010967 2
15 975541010970 2
15 975541010971 4
15 975541010972 2
15 975541010973 2
15 975541010974 2
15 975541010975 2
15 975541010978 2
15 975541010979 4
15 975541010980 2
15 975541010981 2
15 975541010982 2
15 975541010983 2
15 975541010986 2
15 975541010987 4
15 975541010988 2
15 975541010989 2
15 975541010990 2
15 975541010991 2
15 975541010994 2
15 975541010995 4
15 975541010996 5
15 975541010997 2
15 975541010998 57
15 975541010999 2
15 975541011002 2
15 975541011003 4
15 975541011004 2
15 975541011005 2
15 975541011006 7
15 975541011007 2
15 975541011010 2
15 975541011011 4
15 975541011012 2
15 975541011013 2
15 975541011014 2
15 975541011015 2
15 975541011018 2
15 975541011019 4
15 975541011020 2
15 975541011021 2
15 975541011022 2
15 975541011023 2
15 975541011026 2
15 975541011027 4
15 975541011028 2
15 975541011029 2
15 975541011030 2
15 975541011031 2
15 975541011034 2
15 975541011035 4
15 975541011036 2
15 975541011037 2
15 975541011038 2
15 975541011039 2
15 975541011042 2
15 975541011043 4
15 975541011044 2
15 975541011045 2
15 975541011046 11
15 975541011047 2
15 975541011050 2
15 975541011051 4
15 975541011052 2
15 975541011053 2
15 975541011054 2
15 975541011055 2
15 975541011058 2
15 975541011059 4
15 975541011060 2
15 975541011061 2
15 975541011062 2
15 975541011063 2
15 975541011066 2
15 975541011067 4
15 975541011068 2
15 975541011069 2
15 975541011070 2
15 975541011071 2
15 975541011074 2
15 975541011075 2
15 975541011082 2
15 975541011083 2
15 975541011090 2
15 975541011091 2
15 975541011098 2
15 975541011099 2
15 975541011106 2
15 975541011107 2
15 975541011114 2
15 975541011115 2
15 975541011122 2
15 975541011123 2
15 975541011130 2
15 975541011131 2
15 975541011138 2
15 975541011139 2
15 975541011146 2
15 975541011147 2
15 975541011154 2
15 975541011155 2
15 975541011162 2
15 975541011163 2
15 975541011170 2
15 975541011171 2
15 975541011178 2
15 975541011179 2
15 975541011186 2
15 975541011187 2
15 975541011194 2
15 975541011195 2
15 975541011202 2
15 975541011205 2
15 975541011210 2
15 975541011213 2
15 975541011218 2
15 975541011221 2
15 975541011226 2
15 975541011229 2
15 975541011234 2
15 975541011237 2
15 975541011242 2
15 975541011245 2
15 975541011250 2
15 975541011253 2
15 975541011258 2
15 975541011261 2
15 975541011266 2
15 975541011269 2
15 975541011274 2
15 975541011277 2
15 975541011282 2
15 975541011285 2
15 975541011290 2
15 975541011293 2
15 975541011298 2
15 975541011301 2
15 975541011306 2
15 975541011309 2
15 975541011314 2
15 975541011317 2
15 975541011322 2
15 975541011325 2
15 975541011330 2
15 975541011335 2
15 975541011338 2
15 975541011343 2
15 975541011346 2
15 975541011351 2
15 975541011354 2
15 975541011359 2
15 975541011362 2
15 975541011367 2
15 975541011370 2
15 975541011375 2
15 975541011378 2
15 975541011383 2
15 975541011386 2
15 975541011391 2
15 975541011394 2
15 975541011399 2
15 975541011402 2
15 975541011407 2
15 975541011410 2
15 975541011415 2
15 975541011418 2
15 975541011423 2
15 975541011426 2
15 975541011431 2
15 975541011434 2
15 975541011439 2
15 975541011442 2
15 975541011447 2
15 975541011450 2
15 975541011455 2
15 975541011586 2
15 975541011588 2
15 975541011594 2
15 975541011596 2
15 975541011602 2
15 975541011604 2
15 975541011610 2
15 975541011612 2
15 975541011618 4
15 975541011620 2
15 975541011626 2
15 975541011628 2
15 975541011634 16
15 975541011636 2
15 975541011642 3
15 975541011644 2
15 975541011650 5
15 975541011652 2
15 975541011658 2
15 975541011660 2
15 975541011666 2
15 975541011668 2
15 975541011674 2
15 975541011676 2
15 975541011682 2
15 975541011684 2
15 975541011690 2
15 975541011692 2
15 975541011698 2
15 975541011700 2
15 975541011706 2
15 975541011708 2
15 975541011714 2
15 975541011718 2
15 975541011722 2
15 975541011726 2
15 975541011730 12
15 975541011734 2
15 975541011738 2
15 975541011742 2
15 975541011746 200
15 975541011750 2
15 975541011754 5
15 975541011758 2
15 975541011762 2
15 975541011766 2
15 975541011770 2
15 975541011774 2
15 975541011778 2
15 975541011782 2
15 975541011786 2
15 975541011790 2
15 975541011794 2
15 975541011798 2
15 975541011802 2
15 975541011806 2
15 975541011810 2
15 975541011814 2
15 975541011818 298
15 975541011822 2
15 975541011826 268
15 975541011830 2
15 975541011834 2
15 975541011838 2
15 975541011970 120
15 975541011978 4
15 975541011986 4
15 975541011994 4
15 975541012002 4
15 975541012010 4
15 975541012018 4
15 975541012026 4
15 975541012034 4
15 975541012042 4
15 975541012050 4
15 975541012058 4
15 975541012066 4
15 975541012074 4
15 975541012082 4
15 975541012090 4
15 975541012226 2
15 975541012227 2
15 975541012234 2
15 975541012235 2
15 975541012242 2
15 975541012243 2
15 975541012250 2
15 975541012251 2
15 975541012258 2
15 975541012259 2
15 975541012266 2
15 975541012267 2
15 975541012274 2
15 975541012275 2
15 975541012282 2
15 975541012283 2
15 975541012290 2
15 975541012291 2
15 975541012298 2
15 975541012299 2
15 975541012306 2
15 975541012307 2
15 975541012314 2
15 975541012315 2
15 975541012322 2
15 975541012323 2
15 975541012330 2
15 975541012331 2
15 975541012338 2
15 975541012339 2
15 975541012346 2
15 975541012347 2
17 975541011074 2
17 975541011079 2
17 975541011082 2
17 975541011087 2
17 975541011090 2
17 975541011095 2
17 975541011098 2
17 975541011103 2
17 975541011106 2
17 975541011111 2
17 975541011114 2
17 975541011119 2
17 975541011122 2
17 975541011127 2
17 975541011130 2
17 975541011135 2
17 975541011138 2
17 975541011143 2
17 975541011146 2
17 975541011151 2
17 975541011154 2
17 975541011159 2
17 975541011162 2
17 975541011167 2
17 975541011170 2
17 975541011175 2
17 975541011178 2
17 975541011183 2
17 975541011186 2
17 975541011191 2
17 975541011194 2
17 975541011199 2
17 975541012354 2
17 975541012362 2
17 975541012370 2
17 975541012378 2
17 975541012386 2
17 975541012394 2
17 975541012402 2
17 975541012410 2
17 975541012418 2
17 975541012426 2
17 975541012434 2
17 975541012442 2
17 975541012450 2
17 975541012458 2
17 975541012466 2
17 975541012474 2
18 975541011077 6
18 975541011079 6
18 975541011085 142
18 975541011087 6
18 975541011093 6
18 975541011095 301
18 975541011101 6
18 975541011103 6
18 975541011109 6
18 975541011111 6
18 975541011117 6
18 975541011119 6
18 975541011125 6
18 975541011127 6
18 975541011133 6
18 975541011135 6
18 975541011141 6
18 975541011143 6
18 975541011149 35
18 975541011151 6
18 975541011157 6
18 975541011159 22
18 975541011165 16
18 975541011167 6
18 975541011173 6
18 975541011175 6
18 975541011181 6
18 975541011183 15
18 975541011189 6
18 975541011191 6
18 975541011197 6
18 975541011199 6
18 975541011330 2
18 975541011333 2
18 975541011338 2
18 975541011341 2
18 975541011346 2
18 975541011349 2
18 975541011354 2
18 975541011357 2
18 975541011362 2
18 975541011365 2
18 975541011370 2
18 975541011373 2
18 975541011378 2
18 975541011381 2
18 975541011386 2
18 975541011389 2
18 975541011394 2
18 975541011397 2
18 975541011402 2
18 975541011405 2
18 975541011410 2
18 975541011413 2
18 975541011418 2
18 975541011421 2
18 975541011426 2
18 975541011429 2
18 975541011434 2
18 975541011437 2
18 975541011442 2
18 975541011445 2
18 975541011450 2
18 975541011453 2
18 975541011458 2
18 975541011463 2
18 975541011466 2
18 975541011471 2
18 975541011474 2
18 975541011479 2
18 975541011482 2
18 975541011487 2
18 975541011490 2
18 975541011495 2
18 975541011498 2
18 975541011503 2
18 975541011506 2
18 975541011511 2
18 975541011514 2
18 975541011519 2
18 975541011522 2
18 975541011527 2
18 975541011530 2
18 975541011535 2
18 975541011538 2
18 975541011543 2
18 975541011546 2
18 975541011551 2
18 975541011554 2
18 975541011559 2
18 975541011562 2
18 975541011567 2
18 975541011570 2
18 975541011575 2
18 975541011578 2
18 975541011583 2
18 975541011714 29
18 975541011717 2
18 975541011722 44
18 975541011725 2
18 975541011730 2
18 975541011733 2
18 975541011738 2
18 975541011741 2
18 975541011746 2
18 975541011749 2
18 975541011754 2
18 975541011757 2
18 975541011762 2
18 975541011765 2
18 975541011770 2
18 975541011773 2
18 975541011778 2
18 975541011781 2
18 975541011786 2
18 975541011789 2
18 975541011794 2
18 975541011797 2
18 975541011802 2
18 975541011805 2
18 975541011810 2
18 975541011813 2
18 975541011818 2
18 975541011821 2
18 975541011826 2
18 975541011829 2
18 975541011834 2
18 975541011837 2
18 975541011842 4
18 975541011847 2
18 975541011850 5
18 975541011855 2
18 975541011858 25
18 975541011863 2
18 975541011866 2
18 975541011871 2
18 975541011874 2
18 975541011879 2
18 975541011882 2
18 975541011887 2
18 975541011890 2
18 975541011895 2
18 975541011898 2
18 975541011903 2
18 975541011906 2
18 975541011911 2
18 975541011914 2
18 975541011919 2
18 975541011922 6
18 975541011927 2
18 975541011930 4
18 975541011935 2
18 975541011938 2
18 975541011943 2
18 975541011946 2
18 975541011951 2
18 975541011954 2
18 975541011959 2
18 975541011962 2
18 975541011967 2
18 975541012098 26
18 975541012101 2
18 975541012106 2
18 975541012109 2
18 975541012114 2
18 975541012117 2
18 975541012122 2
18 975541012125 2
18 975541012130 2
18 975541012133 2
18 975541012138 2
18 975541012141 2
18 975541012146 2
18 975541012149 2
18 975541012154 2
18 975541012157 2
18 975541012162 2
18 975541012165 2
18 975541012170 2
18 975541012173 2
18 975541012178 2
18 975541012181 2
18 975541012186 2
18 975541012189 2
18 975541012194 2
18 975541012197 2
18 975541012202 33
18 975541012205 2
18 975541012210 2
18 975541012213 2
18 975541012218 2
18 975541012221 2
18 975541012226 2
18 975541012231 2
18 975541012234 2
18 975541012239 2
18 975541012242 2
18 975541012247 2
18 975541012250 2
18 975541012255 2
18 975541012258 2
18 975541012263 2
18 975541012266 2
18 975541012271 2
18 975541012274 2
18 975541012279 2
18 975541012282 2
18 975541012287 2
18 975541012290 2
18 975541012295 2
18 975541012298 2
18 975541012303 2
18 975541012306 2
18 975541012311 2
18 975541012314 2
18 975541012319 2
18 975541012322 2
18 975541012327 2
18 975541012330 2
18 975541012335 2
18 975541012338 2
18 975541012343 2
18 975541012346 2
18 975541012351 2
20 975541011203 2
20 975541011206 2
20 975541011211 2
20 975541011214 2
20 975541011219 2
20 975541011222 2
20 975541011227 2
20 975541011230 2
20 975541011235 2
20 975541011238 2
20 975541011243 2
20 975541011246 2
20 975541011251 2
20 975541011254 2
20 975541011259 2
20 975541011262 2
20 975541011267 2
20 975541011270 2
20 975541011275 2
20 975541011278 2
20 975541011283 2
20 975541011286 2
20 975541011291 2
20 975541011294 2
20 975541011299 2
20 975541011302 2
20 975541011307 2
20 975541011310 2
20 975541011315 2
20 975541011318 2
20 975541011323 2
20 975541011326 2
20 975541011971 2
20 975541011979 2
20 975541011987 2
20 975541011995 2
20 975541012003 2
20 975541012011 2
20 975541012019 2
20 975541012027 2
20 975541012035 2
20 975541012043 2
20 975541012051 2
20 975541012059 2
20 975541012067 2
20 975541012075 2
20 975541012083 2
20 975541012091 2
21 975541011204 6
21 975541011206 2
21 975541011207 24
21 975541011212 6
21 975541011214 2
21 975541011215 4
21 975541011220 10
21 975541011222 2
21 975541011223 4
21 975541011228 4
21 975541011230 2
21 975541011231 4
21 975541011236 4
21 975541011238 2
21 975541011239 4
21 975541011244 4
21 975541011246 2
21 975541011247 4
21 975541011252 4
21 975541011254 2
21 975541011255 4
21 975541011260 4
21 975541011262 2
21 975541011263 4
21 975541011268 4
21 975541011270 2
21 975541011271 4
21 975541011276 4
21 975541011278 2
21 975541011279 13
21 975541011284 57
21 975541011286 2
21 975541011287 5
21 975541011292 32
21 975541011294 2
21 975541011295 9
21 975541011300 4
21 975541011302 2
21 975541011303 11
21 975541011308 4
21 975541011310 2
21 975541011311 4
21 975541011316 4
21 975541011318 2
21 975541011319 9
21 975541011324 4
21 975541011326 2
21 975541011327 26
21 975541011459 2
21 975541011460 2
21 975541011467 6
21 975541011468 2
21 975541011475 2
21 975541011476 2
21 975541011483 2
21 975541011484 2
21 975541011491 2
21 975541011492 2
21 975541011499 2
21 975541011500 2
21 975541011507 2
21 975541011508 2
21 975541011515 2
21 975541011516 2
21 975541011523 2
21 975541011524 2
21 975541011531 2
21 975541011532 2
21 975541011539 2
21 975541011540 2
21 975541011547 2
21 975541011548 2
21 975541011555 2
21 975541011556 2
21 975541011563 2
21 975541011564 2
21 975541011571 2
21 975541011572 2
21 975541011579 2
21 975541011580 2
21 975541011587 2
21 975541011591 2
21 975541011595 2
21 975541011599 2
21 975541011603 2
21 975541011607 2
21 975541011611 2
21 975541011615 2
21 975541011619 2
21 975541011623 2
21 975541011627 2
21 975541011631 2
21 975541011635 2
21 975541011639 2
21 975541011643 2
21 975541011647 2
21 975541011651 2
21 975541011655 2
21 975541011659 2
21 975541011663 2
21 975541011667 2
21 975541011671 2
21 975541011675 2
21 975541011679 2
21 975541011683 2
21 975541011687 2
21 975541011691 2
21 975541011695 2
21 975541011699 2
21 975541011703 2
21 975541011707 2
21 975541011711 2
21 975541011843 2
21 975541011846 2
21 975541011851 2
21 975541011854 2
21 975541011859 2
21 975541011862 2
21 975541011867 2
21 975541011870 2
21 975541011875 2
21 975541011878 2
21 975541011883 2
21 975541011886 2
21 975541011891 2
21 975541011894 2
21 975541011899 2
21 975541011902 2
21 975541011907 2
21 975541011910 2
21 975541011915 2
21 975541011918 2
21 975541011923 2
21 975541011926 2
21 975541011931 2
21 975541011934 2
21 975541011939 2
21 975541011942 2
21 975541011947 2
21 975541011950 2
21 975541011955 2
21 975541011958 2
21 975541011963 2
21 975541011966 2
21 975541012099 2
21 975541012100 2
21 975541012107 40
21 975541012108 2
21 975541012115 2
21 975541012116 2
21 975541012123 2
21 975541012124 2
21 975541012131 2
21 975541012132 2
21 975541012139 2
21 975541012140 2
21 975541012147 2
21 975541012148 2
21 975541012155 2
21 975541012156 2
21 975541012163 2
21 975541012164 2
21 975541012171 2
21 975541012172 2
21 975541012179 2
21 975541012180 2
21 975541012187 2
21 975541012188 2
21 975541012195 2
21 975541012196 2
21 975541012203 2
21 975541012204 2
21 975541012211 2
21 975541012212 2
21 975541012219 2
21 975541012220 2
21 975541012227 2
21 975541012231 2
21 975541012235 2
21 975541012239 2
21 975541012243 2
21 975541012247 2
21 975541012251 2
21 975541012255 2
21 975541012259 2
21 975541012263 2
21 975541012267 2
21 975541012271 2
21 975541012275 2
21 975541012279 2
21 975541012283 2
21 975541012287 2
21 975541012291 2
21 975541012295 2
21 975541012299 2
21 975541012303 2
21 975541012307 2
21 975541012311 2
21 975541012315 2
21 975541012319 2
21 975541012323 2
21 975541012327 2
21 975541012331 10
21 975541012335 2
21 975541012339 11
21 975541012343 2
21 975541012347 11
21 975541012351 2
23 975541011331 2
23 975541011334 2
23 975541011339 2
23 975541011342 2
23 975541011347 2
23 975541011350 2
23 975541011355 2
23 975541011358 2
23 975541011363 2
23 975541011366 2
23 975541011371 2
23 975541011374 2
23 975541011379 2
23 975541011382 2
23 975541011387 2
23 975541011390 2
23 975541011395 2
23 975541011398 2
23 975541011403 2
23 975541011406 2
23 975541011411 2
23 975541011414 2
23 975541011419 2
23 975541011422 2
23 975541011427 2
23 975541011430 2
23 975541011435 2
23 975541011438 2
23 975541011443 2
23 975541011446 2
23 975541011451 2
23 975541011454 2
23 975541011971 2
23 975541011979 2
23 975541011987 2
23 975541011995 2
23 975541012003 2
23 975541012011 2
23 975541012019 2
23 975541012027 2
23 975541012035 2
23 975541012043 2
23 975541012051 2
23 975541012059 2
23 975541012067 2
23 975541012075 2
23 975541012083 2
23 975541012091 2
24 975541011332 4
24 975541011333 4
24 975541011340 4
24 975541011341 4
24 975541011348 4
24 975541011349 4
24 975541011356 4
24 975541011357 4
24 975541011364 4
24 975541011365 4
24 975541011372 4
24 975541011373 4
24 975541011380 4
24 975541011381 4
24 975541011388 4
24 975541011389 4
24 975541011396 4
24 975541011397 4
24 975541011404 4
24 975541011405 4
24 975541011412 4
24 975541011413 4
24 975541011420 4
24 975541011421 4
24 975541011428 4
24 975541011429 4
24 975541011436 4
24 975541011437 4
24 975541011444 4
24 975541011445 4
24 975541011452 4
24 975541011453 4
24 975541011587 2
24 975541011589 2
24 975541011595 2
24 975541011597 2
24 975541011603 2
24 975541011605 2
24 975541011611 2
24 975541011613 2
24 975541011619 2
24 975541011621 2
24 975541011627 2
24 975541011629 2
24 975541011635 2
24 975541011637 2
24 975541011643 2
24 975541011645 2
24 975541011651 2
24 975541011653 2
24 975541011659 2
24 975541011661 2
24 975541011667 2
24 975541011669 2
24 975541011675 2
24 975541011677 2
24 975541011683 2
24 975541011685 2
24 975541011691 2
24 975541011693 2
24 975541011699 2
24 975541011701 2
24 975541011707 2
24 975541011709 2
24 975541011843 2
24 975541011845 2
24 975541011851 2
24 975541011853 2
24 975541011859 2
24 975541011861 2
24 975541011867 2
24 975541011869 2
24 975541011875 2
24 975541011877 2
24 975541011883 2
24 975541011885 2
24 975541011891 2
24 975541011893 2
24 975541011899 2
24 975541011901 2
24 975541011907 2
24 975541011909 2
24 975541011915 2
24 975541011917 2
24 975541011923 2
24 975541011925 2
24 975541011931 2
24 975541011933 2
24 975541011939 2
24 975541011941 2
24 975541011947 2
24 975541011949 2
24 975541011955 2
24 975541011957 2
24 975541011963 2
24 975541011965 2
24 975541012099 2
24 975541012100 2
24 975541012107 2
24 975541012108 2
24 975541012115 2
24 975541012116 2
24 975541012123 2
24 975541012124 2
24 975541012131 2
24 975541012132 2
24 975541012139 2
24 975541012140 2
24 975541012147 2
24 975541012148 2
24 975541012155 2
24 975541012156 2
24 975541012163 2
24 975541012164 2
24 975541012171 2
24 975541012172 2
24 975541012179 2
24 975541012180 2
24 975541012187 2
24 975541012188 2
24 975541012195 2
24 975541012196 2
24 975541012203 2
24 975541012204 2
24 975541012211 2
24 975541012212 2
24 975541012219 2
24 975541012220 2
24 975541012355 2
24 975541012356 2
24 975541012363 2
24 975541012364 2
24 975541012371 2
24 975541012372 2
24 975541012379 2
24 975541012380 2
24 975541012387 2
24 975541012388 2
24 975541012395 2
24 975541012396 2
24 975541012403 2
24 975541012404 2
24 975541012411 2
24 975541012412 2
24 975541012419 2
24 975541012420 2
24 975541012427 2
24 975541012428 2
24 975541012435 2
24 975541012436 2
24 975541012443 9
24 975541012444 2
24 975541012451 2
24 975541012452 2
24 975541012459 2
24 975541012460 2
24 975541012467 2
24 975541012468 2
24 975541012475 2
24 975541012476 2
26 975541011460 2
26 975541011463 2
26 975541011468 2
26 975541011471 2
26 975541011476 2
26 975541011479 2
26 975541011484 2
26 975541011487 2
26 975541011492 2
26 975541011495 2
26 975541011500 2
26 975541011503 2
26 975541011508 2
26 975541011511 2
26 975541011516 2
26 975541011519 2
26 975541011524 2
26 975541011527 2
26 975541011532 2
26 975541011535 2
26 975541011540 2
26 975541011543 2
26 975541011548 2
26 975541011551 2
26 975541011556 2
26 975541011559 2
26 975541011564 2
26 975541011567 2
26 975541011572 2
26 975541011575 2
26 975541011580 2
26 975541011583 2
26 975541012356 2
26 975541012364 2
26 975541012372 2
26 975541012380 2
26 975541012388 2
26 975541012396 2
26 975541012404 2
26 975541012412 2
26 975541012420 2
26 975541012428 2
26 975541012436 2
26 975541012444 2
26 975541012452 2
26 975541012460 2
26 975541012468 2
26 975541012476 2
27 975541011460 2
27 975541011461 4
27 975541011468 2
27 975541011469 4
27 975541011476 2
27 975541011477 4
27 975541011484 2
27 975541011485 4
27 975541011492 2
27 975541011493 4
27 975541011500 2
27 975541011501 4
27 975541011508 2
27 975541011509 4
27 975541011516 2
27 975541011517 4
27 975541011524 2
27 975541011525 4
27 975541011532 2
27 975541011533 4
27 975541011540 2
27 975541011541 4
27 975541011548 2
27 975541011549 4
27 975541011556 2
27 975541011557 4
27 975541011564 2
27 975541011565 4
27 975541011572 2
27 975541011573 4
27 975541011580 2
27 975541011581 4
27 975541011844 4
27 975541011852 4
27 975541011860 4
27 975541011868 4
27 975541011876 4
27 975541011884 4
27 975541011892 4
27 975541011900 4
27 975541011908 4
27 975541011916 4
27 975541011924 4
27 975541011932 4
27 975541011940 4
27 975541011948 4
27 975541011956 4
27 975541011964 4
27 975541012100 2
27 975541012101 2
27 975541012108 2
27 975541012109 2
27 975541012116 2
27 975541012117 2
27 975541012124 2
27 975541012125 2
27 975541012132 2
27 975541012133 2
27 975541012140 2
27 975541012141 2
27 975541012148 2
27 975541012149 2
27 975541012156 2
27 975541012157 2
27 975541012164 2
27 975541012165 2
27 975541012172 2
27 975541012173 2
27 975541012180 2
27 975541012181 2
27 975541012188 2
27 975541012189 2
27 975541012196 2
27 975541012197 2
27 975541012204 2
27 975541012205 2
27 975541012212 2
27 975541012213 2
27 975541012220 2
27 975541012221 2
27 975541012356 2
27 975541012357 2
27 975541012364 2
27 975541012365 2
27 975541012372 2
27 975541012373 2
27 975541012380 2
27 975541012381 2
27 975541012388 2
27 975541012389 2
27 975541012396 2
27 975541012397 2
27 975541012404 2
27 975541012405 2
27 975541012412 2
27 975541012413 2
27 975541012420 2
27 975541012421 2
27 975541012428 2
27 975541012429 2
27 975541012436 2
27 975541012437 2
27 975541012444 2
27 975541012445 2
27 975541012452 2
27 975541012453 2
27 975541012460 2
27 975541012461 2
27 975541012468 2
27 975541012469 2
27 975541012476 2
27 975541012477 2
30 975541011589 2
30 975541011590 4
30 975541011597 2
30 975541011598 4
30 975541011605 2
30 975541011606 4
30 975541011613 2
30 975541011614 4
30 975541011621 2
30 975541011622 4
30 975541011629 2
30 975541011630 4
30 975541011637 2
30 975541011638 4
30 975541011645 2
30 975541011646 4
30 975541011653 2
30 975541011654 4
30 975541011661 2
30 975541011662 4
30 975541011669 2
30 975541011670 4
30 975541011677 2
30 975541011678 4
30 975541011685 2
30 975541011686 4
30 975541011693 2
30 975541011694 4
30 975541011701 2
30 975541011702 4
30 975541011709 2
30 975541011710 4
30 975541011716 2
30 975541011718 2
30 975541011724 2
30 975541011726 2
30 975541011732 2
30 975541011734 2
30 975541011740 2
30 975541011742 2
30 975541011748 2
30 975541011750 2
30 975541011756 2
30 975541011758 2
30 975541011764 2
30 975541011766 2
30 975541011772 2
30 975541011774 2
30 975541011780 2
30 975541011782 2
30 975541011788 2
30 975541011790 2
30 975541011796 2
30 975541011798 2
30 975541011804 2
30 975541011806 2
30 975541011812 2
30 975541011814 2
30 975541011820 2
30 975541011822 2
30 975541011828 2
30 975541011830 2
30 975541011836 2
30 975541011838 2
30 975541012100 2
30 975541012101 2
30 975541012108 2
30 975541012109 2
30 975541012116 2
30 975541012117 2
30 975541012124 2
30 975541012125 2
30 975541012132 2
30 975541012133 2
30 975541012140 2
30 975541012141 2
30 975541012148 2
30 975541012149 2
30 975541012156 2
30 975541012157 2
30 975541012164 2
30 975541012165 2
30 975541012172 2
30 975541012173 2
30 975541012180 2
30 975541012181 2
30 975541012188 2
30 975541012189 2
30 975541012196 2
30 975541012197 2
30 975541012204 2
30 975541012205 2
30 975541012212 2
30 975541012213 2
30 975541012220 2
30 975541012221 2
30 975541012356 2
30 975541012358 2
30 975541012364 2
30 975541012366 2
30 975541012372 2
30 975541012374 2
30 975541012380 2
30 975541012382 2
30 975541012388 2
30 975541012390 2
30 975541012396 2
30 975541012398 2
30 975541012404 2
30 975541012406 2
30 975541012412 2
30 975541012414 2
30 975541012420 25
30 975541012422 2
30 975541012428 18
30 975541012430 2
30 975541012436 2
30 975541012438 2
30 975541012444 2
30 975541012446 2
30 975541012452 2
30 975541012454 2
30 975541012460 2
30 975541012462 2
30 975541012468 2
30 975541012470 2
30 975541012476 2
30 975541012478 2
33 975541011718 4
33 975541011726 4
33 975541011734 4
33 975541011742 4
33 975541011750 4
33 975541011758 4
33 975541011766 4
33 975541011774 4
33 975541011782 4
33 975541011790 4
33 975541011798 4
33 975541011806 4
33 975541011814 4
33 975541011822 4
33 975541011830 4
33 975541011838 4
33 975541011973 2
33 975541011974 2
33 975541011981 2
33 975541011982 2
33 975541011989 2
33 975541011990 2
33 975541011997 2
33 975541011998 2
33 975541012005 2
33 975541012006 2
33 975541012013 2
33 975541012014 2
33 975541012021 2
33 975541012022 2
33 975541012029 2
33 975541012030 2
33 975541012037 2
33 975541012038 2
33 975541012045 2
33 975541012046 2
33 975541012053 2
33 975541012054 2
33 975541012061 2
33 975541012062 2
33 975541012069 2
33 975541012070 2
33 975541012077 2
33 975541012078 2
33 975541012085 2
33 975541012086 2
33 975541012093 2
33 975541012094 2
33 975541012357 2
33 975541012358 2
33 975541012365 2
33 975541012366 2
33 975541012373 2
33 975541012374 2
33 975541012381 2
33 975541012382 2
33 975541012389 2
33 975541012390 2
33 975541012397 2
33 975541012398 2
33 975541012405 2
33 975541012406 2
33 975541012413 2
33 975541012414 2
33 975541012421 2
33 975541012422 2
33 975541012429 2
33 975541012430 2
33 975541012437 2
33 975541012438 2
33 975541012445 2
33 975541012446 2
33 975541012453 2
33 975541012454 2
33 975541012461 2
33 975541012462 2
33 975541012469 2
33 975541012470 2
33 975541012477 2
33 975541012478 2
36 975541011847 2
36 975541011855 2
36 975541011863 2
36 975541011871 2
36 975541011879 2
36 975541011887 2
36 975541011895 2
36 975541011903 2
36 975541011911 2
36 975541011919 2
36 975541011927 2
36 975541011935 2
36 975541011943 2
36 975541011951 2
36 975541011959 2
36 975541011967 2
36 975541012101 2
36 975541012103 2
36 975541012109 2
36 975541012111 2
36 975541012117 2
36 975541012119 2
36 975541012125 2
36 975541012127 2
36 975541012133 2
36 975541012135 2
36 975541012141 2
36 975541012143 2
36 975541012149 2
36 975541012151 2
36 975541012157 2
36 975541012159 2
36 975541012165 2
36 975541012167 2
36 975541012173 2
36 975541012175 2
36 975541012181 2
36 975541012183 2
36 975541012189 2
36 975541012191 2
36 975541012197 2
36 975541012199 2
36 975541012205 2
36 975541012207 2
36 975541012213 2
36 975541012215 2
36 975541012221 2
36 975541012223 2
39 975541011975 2
39 975541011983 2
39 975541011991 2
39 975541011999 2
39 975541012007 2
39 975541012015 2
39 975541012023 2
39 975541012031 2
39 975541012039 2
39 975541012047 2
39 975541012055 2
39 975541012063 2
39 975541012071 2
39 975541012079 2
39 975541012087 2
39 975541012095 2
39 975541012102 2
39 975541012103 2
39 975541012110 2
39 975541012111 2
39 975541012118 2
39 975541012119 2
39 975541012126 2
39 975541012127 2
39 975541012134 2
39 975541012135 2
39 975541012142 2
39 975541012143 2
39 975541012150 2
39 975541012151 2
39 975541012158 2
39 975541012159 2
39 975541012166 2
39 975541012167 2
39 975541012174 2
39 975541012175 2
39 975541012182 2
39 975541012183 2
39 975541012190 2
39 975541012191 2
39 975541012198 2
39 975541012199 2
39 975541012206 2
39 975541012207 2
39 975541012214 2
39 975541012215 2
39 975541012222 2
39 975541012223 2
43 975541012231 2
43 975541012239 2
43 975541012247 2
43 975541012255 2
43 975541012263 2
43 975541012271 2
43 975541012279 2
43 975541012287 2
43 975541012295 2
43 975541012303 2
43 975541012311 2
43 975541012319 2
43 975541012327 2
43 975541012335 2
43 975541012343 2
43 975541012351 2
