1 1089760051202 4
1 1089760051203 4
1 1089760051232 4
1 1089760051233 4
1 1089760051262 4
1 1089760051263 4
1 1089760051292 4
1 1089760051293 4
1 1089760051322 4
1 1089760051323 4
1 1089760051352 4
1 1089760051353 4
1 1089760051388 4
1 1089760051389 4
1 1089760051416 4
1 1089760051417 4
1 1089760051502 4
1 1089760051503 4
1 1089760051516 4
1 1089760051517 4
1 1089760051518 4
1 1089760051519 4
1 1089760051542 4
1 1089760051543 4
1 1089760051566 4
1 1089760051567 4
1 1089760051582 4
1 1089760051583 4
1 1089760051654 4
1 1089760051655 4
1 1089760051672 4
1 1089760051673 4
1 1089760051674 4
1 1089760051675 4
2 1089760035667 14
2 1089760041447 7
2 1089760051216 4
2 1089760051217 4
2 1089760051246 4
2 1089760051247 4
2 1089760051276 4
2 1089760051277 4
2 1089760051306 4
2 1089760051307 4
2 1089760051336 4
2 1089760051337 4
2 1089760051366 4
2 1089760051367 4
2 1089760051384 4
2 1089760051385 4
2 1089760051452 4
2 1089760051453 4
2 1089760051486 4
2 1089760051487 4
2 1089760051532 4
2 1089760051533 4
2 1089760051534 4
2 1089760051535 4
2 1089760051554 4
2 1089760051555 4
2 1089760051596 4
2 1089760051597 4
2 1089760051618 4
2 1089760051619 4
2 1089760051646 4
2 1089760051647 4
2 1089760051690 4
2 1089760051691 4
2 1089760051712 1
2 1089760051741 1
2 1089760051814 1
2 1089760051899 1
2 1089760051912 1
2 1089760052026 1
2 1089760052123 1
2 1089760052649 6
3 1089760035199 8
3 1089760035427 14
3 1089760037537 10
3 1089760037541 8
3 1089760037732 12
3 1089760040061 4
3 1089760040738 7
3 1089760047084 5
3 1089760047098 4
3 1089760047670 6
3 1089760051216 4
3 1089760051217 4
3 1089760051246 4
3 1089760051247 4
3 1089760051276 4
3 1089760051277 4
3 1089760051306 4
3 1089760051307 4
3 1089760051336 4
3 1089760051337 4
3 1089760051366 4
3 1089760051367 4
3 1089760051398 4
3 1089760051399 4
3 1089760051422 4
3 1089760051423 4
3 1089760051460 4
3 1089760051461 4
3 1089760051522 4
3 1089760051523 4
3 1089760051540 4
3 1089760051541 4
3 1089760051554 4
3 1089760051555 4
3 1089760051564 4
3 1089760051565 4
3 1089760051594 4
3 1089760051595 4
3 1089760051682 4
3 1089760051683 4
3 1089760051704 4
3 1089760051705 4
3 1089760051712 1
3 1089760051765 1
3 1089760051795 1
3 1089760051798 1
3 1089760051832 1
3 1089760051886 1
3 1089760051916 1
3 1089760051924 1
3 1089760051931 1
3 1089760051933 1
3 1089760051945 1
3 1089760051956 1
3 1089760051974 2
3 1089760051994 1
3 1089760052018 1
3 1089760052084 1
3 1089760052100 1
3 1089760052111 2
3 1089760052125 1
3 1089760052130 1
3 1089760052156 1
3 1089760052190 1
3 1089760052209 2
3 1089760052415 3
3 1089760052529 6
3 1089760053584 4
3 1089760053586 3
3 1089760053682 5
4 1089760035094 12
4 1089760035583 10
4 1089760036300 16
4 1089760036493 16
4 1089760036519 16
4 1089760036883 18
4 1089760037361 12
4 1089760037370 32
4 1089760037428 12
4 1089760037429 10
4 1089760037965 20
4 1089760037966 6
4 1089760037968 14
4 1089760038040 26
4 1089760038662 24
4 1089760039747 6
4 1089760041196 5
4 1089760043362 8
4 1089760043938 8
4 1089760044019 8
4 1089760045116 9
4 1089760046555 6
4 1089760046583 16
4 1089760046756 8
4 1089760046757 3
4 1089760048369 10
4 1089760048372 4
4 1089760048377 7
4 1089760048587 6
4 1089760048588 7
4 1089760050456 12
4 1089760051204 4
4 1089760051205 4
4 1089760051234 4
4 1089760051235 4
4 1089760051264 4
4 1089760051265 4
4 1089760051294 4
4 1089760051295 4
4 1089760051324 4
4 1089760051325 4
4 1089760051354 4
4 1089760051355 4
4 1089760051384 4
4 1089760051385 4
4 1089760051408 4
4 1089760051409 4
4 1089760051412 4
4 1089760051413 4
4 1089760051430 4
4 1089760051431 4
4 1089760051458 4
4 1089760051459 4
4 1089760051518 4
4 1089760051519 4
4 1089760051526 4
4 1089760051527 4
4 1089760051592 4
4 1089760051593 4
4 1089760051594 4
4 1089760051595 4
4 1089760051602 4
4 1089760051603 4
4 1089760051634 4
4 1089760051635 4
4 1089760051662 4
4 1089760051663 4
4 1089760051680 4
4 1089760051681 4
4 1089760051717 1
4 1089760051724 1
4 1089760051732 1
4 1089760051737 1
4 1089760051743 1
4 1089760051752 1
4 1089760051753 1
4 1089760051754 1
4 1089760051765 1
4 1089760051768 1
4 1089760051769 1
4 1089760051770 1
4 1089760051772 1
4 1089760051777 1
4 1089760051779 2
4 1089760051782 1
4 1089760051808 1
4 1089760051809 2
4 1089760051813 1
4 1089760051815 1
4 1089760051829 2
4 1089760051833 3
4 1089760051836 1
4 1089760051837 1
4 1089760051844 1
4 1089760051848 1
4 1089760051850 2
4 1089760051852 1
4 1089760051855 1
4 1089760051856 1
4 1089760051866 1
4 1089760051867 1
4 1089760051873 1
4 1089760051887 1
4 1089760051891 1
4 1089760051892 1
4 1089760051896 1
4 1089760051900 1
4 1089760051902 1
4 1089760051906 1
4 1089760051907 1
4 1089760051912 1
4 1089760051919 1
4 1089760051921 2
4 1089760051932 1
4 1089760051940 1
4 1089760051942 3
4 1089760051944 1
4 1089760051945 1
4 1089760051946 1
4 1089760051947 1
4 1089760051955 1
4 1089760051974 1
4 1089760051982 1
4 1089760051983 1
4 1089760051992 2
4 1089760051995 1
4 1089760052004 1
4 1089760052006 1
4 1089760052007 1
4 1089760052008 1
4 1089760052017 1
4 1089760052018 1
4 1089760052023 1
4 1089760052028 1
4 1089760052038 1
4 1089760052043 1
4 1089760052045 1
4 1089760052049 1
4 1089760052059 1
4 1089760052068 1
4 1089760052070 1
4 1089760052073 1
4 1089760052074 1
4 1089760052075 2
4 1089760052076 1
4 1089760052080 1
4 1089760052081 1
4 1089760052084 1
4 1089760052085 1
4 1089760052093 2
4 1089760052096 2
4 1089760052097 1
4 1089760052105 1
4 1089760052107 1
4 1089760052108 1
4 1089760052124 1
4 1089760052128 1
4 1089760052130 1
4 1089760052133 1
4 1089760052136 1
4 1089760052146 1
4 1089760052147 1
4 1089760052148 1
4 1089760052150 1
4 1089760052153 1
4 1089760052154 1
4 1089760052166 1
4 1089760052167 1
4 1089760052174 1
4 1089760052176 1
4 1089760052178 1
4 1089760052182 1
4 1089760052188 1
4 1089760052201 1
4 1089760052204 1
4 1089760052207 1
4 1089760052214 1
4 1089760052215 1
4 1089760052220 1
4 1089760052363 5
4 1089760052607 4
4 1089760052966 7
4 1089760053062 7
4 1089760053075 7
4 1089760053257 8
4 1089760053496 5
4 1089760053501 15
4 1089760053530 9
4 1089760053798 9
4 1089760053799 2
4 1089760053800 6
4 1089760053836 7
4 1089760054147 11
5 1089760035024 12
5 1089760035027 8
5 1089760035030 10
5 1089760035032 8
5 1089760035033 16
5 1089760035034 20
5 1089760035267 24
5 1089760035269 14
5 1089760035271 18
5 1089760035274 32
5 1089760035508 24
5 1089760035515 14
5 1089760035516 14
5 1089760035517 10
5 1089760035745 20
5 1089760035746 32
5 1089760035749 14
5 1089760035753 24
5 1089760035756 26
5 1089760035757 24
5 1089760035987 16
5 1089760035991 10
5 1089760035994 18
5 1089760035997 20
5 1089760036225 10
5 1089760036227 18
5 1089760036229 14
5 1089760036231 8
5 1089760036233 26
5 1089760036416 10
5 1089760036418 22
5 1089760036421 12
5 1089760036423 12
5 1089760036426 24
5 1089760036481 8
5 1089760036487 28
5 1089760036489 14
5 1089760036490 12
5 1089760036492 16
5 1089760036494 10
5 1089760036545 10
5 1089760036547 10
5 1089760036550 12
5 1089760036551 16
5 1089760036553 10
5 1089760036554 16
5 1089760036556 10
5 1089760036558 16
5 1089760036944 18
5 1089760036947 16
5 1089760036948 8
5 1089760036955 20
5 1089760036957 16
5 1089760037216 6
5 1089760037229 16
5 1089760037230 14
5 1089760037231 20
5 1089760037697 12
5 1089760037698 10
5 1089760037699 20
5 1089760037702 10
5 1089760037705 12
5 1089760037708 20
5 1089760037710 44
5 1089760037920 16
5 1089760037922 10
5 1089760037924 18
5 1089760037925 14
5 1089760037930 22
5 1089760037933 38
5 1089760037934 14
5 1089760037961 20
5 1089760037962 20
5 1089760037963 34
5 1089760037964 26
5 1089760038033 6
5 1089760038034 16
5 1089760038036 18
5 1089760038039 12
5 1089760038041 8
5 1089760038046 6
5 1089760038047 12
5 1089760038466 20
5 1089760038468 16
5 1089760038469 16
5 1089760038470 40
5 1089760038471 10
5 1089760038473 12
5 1089760038474 32
5 1089760038475 30
5 1089760038476 60
5 1089760038477 76
5 1089760038478 14
5 1089760038479 12
5 1089760038657 52
5 1089760038658 50
5 1089760038659 56
5 1089760038660 28
5 1089760038661 56
5 1089760038664 8
5 1089760038665 18
5 1089760038666 36
5 1089760038667 16
5 1089760038668 32
5 1089760038669 52
5 1089760038670 8
5 1089760038671 16
5 1089760039538 6
5 1089760039545 4
5 1089760039555 2
5 1089760039556 3
5 1089760039562 4
5 1089760039563 8
5 1089760039567 10
5 1089760040264 7
5 1089760040265 10
5 1089760040271 7
5 1089760040275 2
5 1089760040276 7
5 1089760040285 10
5 1089760040286 7
5 1089760040975 12
5 1089760040996 2
5 1089760040997 5
5 1089760040998 7
5 1089760041002 5
5 1089760041682 9
5 1089760041683 2
5 1089760041687 17
5 1089760041698 7
5 1089760041709 12
5 1089760041717 13
5 1089760041721 4
5 1089760041722 9
5 1089760042423 8
5 1089760042434 5
5 1089760042444 9
5 1089760042450 4
5 1089760042452 5
5 1089760042453 1
5 1089760043138 5
5 1089760043143 2
5 1089760043144 8
5 1089760043149 5
5 1089760043150 2
5 1089760043157 4
5 1089760043163 8
5 1089760043164 5
5 1089760043708 5
5 1089760043712 8
5 1089760043713 3
5 1089760043723 6
5 1089760043729 7
5 1089760043737 8
5 1089760043738 4
5 1089760043900 4
5 1089760043919 8
5 1089760043920 4
5 1089760043921 3
5 1089760043924 7
5 1089760043927 6
5 1089760043936 8
5 1089760043940 5
5 1089760044098 5
5 1089760044103 5
5 1089760044111 6
5 1089760044114 8
5 1089760044120 5
5 1089760044124 8
5 1089760044130 5
5 1089760044136 8
5 1089760045300 9
5 1089760045310 9
5 1089760045312 4
5 1089760045333 10
5 1089760045339 8
5 1089760046117 3
5 1089760046154 8
5 1089760046157 7
5 1089760046159 9
5 1089760046160 2
5 1089760047562 6
5 1089760047564 5
5 1089760047569 10
5 1089760047578 5
5 1089760047587 5
5 1089760047588 1
5 1089760047597 10
5 1089760047601 14
5 1089760047603 3
5 1089760047604 5
5 1089760048236 9
5 1089760048244 5
5 1089760048248 9
5 1089760048254 7
5 1089760048266 1
5 1089760048267 8
5 1089760048268 2
5 1089760048275 6
5 1089760048276 11
5 1089760048277 2
5 1089760048278 8
5 1089760048358 7
5 1089760048359 4
5 1089760048360 15
5 1089760048362 9
5 1089760048363 14
5 1089760048368 14
5 1089760048570 7
5 1089760048571 4
5 1089760048577 9
5 1089760048584 7
5 1089760048591 4
5 1089760048607 3
5 1089760048608 7
5 1089760049868 3
5 1089760049869 7
5 1089760049873 8
5 1089760049874 3
5 1089760049878 10
5 1089760049880 8
5 1089760049881 12
5 1089760049882 10
5 1089760049890 6
5 1089760049892 12
5 1089760049893 11
5 1089760049895 9
5 1089760049896 4
5 1089760049897 7
5 1089760049898 4
5 1089760049899 18
5 1089760049900 13
5 1089760049901 22
5 1089760049902 7
5 1089760049903 6
5 1089760049904 10
5 1089760049906 11
5 1089760049907 2
5 1089760049908 4
5 1089760050440 7
5 1089760050441 8
5 1089760050442 13
5 1089760050443 14
5 1089760050445 11
5 1089760050446 14
5 1089760050447 20
5 1089760050449 9
5 1089760050450 5
5 1089760050451 8
5 1089760050452 1
5 1089760050453 6
5 1089760050454 17
5 1089760050455 13
5 1089760050464 5
5 1089760050465 9
5 1089760050468 4
5 1089760050469 26
5 1089760050470 9
5 1089760050472 5
5 1089760050473 5
5 1089760050474 8
5 1089760050475 8
5 1089760050476 7
5 1089760050477 15
5 1089760050478 10
5 1089760050479 8
5 1089760050482 4
5 1089760050483 7
5 1089760050484 2
5 1089760051226 4
5 1089760051227 4
5 1089760051256 4
5 1089760051257 4
5 1089760051286 4
5 1089760051287 4
5 1089760051316 4
5 1089760051317 4
5 1089760051346 4
5 1089760051347 4
5 1089760051376 4
5 1089760051377 4
5 1089760051400 4
5 1089760051401 4
5 1089760051408 4
5 1089760051409 4
5 1089760051416 4
5 1089760051417 4
5 1089760051466 4
5 1089760051467 4
5 1089760051500 4
5 1089760051501 4
5 1089760051560 4
5 1089760051561 4
5 1089760051588 4
5 1089760051589 4
5 1089760051592 4
5 1089760051593 4
5 1089760051602 4
5 1089760051603 4
5 1089760051656 4
5 1089760051657 4
5 1089760051680 4
5 1089760051681 4
5 1089760051712 3
5 1089760051713 2
5 1089760051714 1
5 1089760051715 4
5 1089760051716 4
5 1089760051718 2
5 1089760051719 1
5 1089760051720 2
5 1089760051721 2
5 1089760051723 2
5 1089760051724 1
5 1089760051725 3
5 1089760051726 1
5 1089760051727 1
5 1089760051728 2
5 1089760051732 1
5 1089760051733 1
5 1089760051735 2
5 1089760051736 1
5 1089760051738 4
5 1089760051739 4
5 1089760051740 2
5 1089760051741 1
5 1089760051742 2
5 1089760051743 2
5 1089760051744 4
5 1089760051745 3
5 1089760051746 3
5 1089760051747 2
5 1089760051748 3
5 1089760051749 2
5 1089760051750 3
5 1089760051751 3
5 1089760051752 2
5 1089760051753 4
5 1089760051754 5
5 1089760051755 1
5 1089760051756 4
5 1089760051757 4
5 1089760051758 1
5 1089760051759 2
5 1089760051760 5
5 1089760051761 2
5 1089760051763 1
5 1089760051764 1
5 1089760051765 1
5 1089760051766 1
5 1089760051767 3
5 1089760051768 2
5 1089760051769 2
5 1089760051770 3
5 1089760051771 4
5 1089760051772 3
5 1089760051773 2
5 1089760051774 4
5 1089760051776 2
5 1089760051777 1
5 1089760051778 1
5 1089760051779 3
5 1089760051780 1
5 1089760051781 2
5 1089760051782 2
5 1089760051783 2
5 1089760051784 4
5 1089760051785 1
5 1089760051786 2
5 1089760051787 3
5 1089760051788 7
5 1089760051789 3
5 1089760051790 1
5 1089760051791 3
5 1089760051792 3
5 1089760051793 3
5 1089760051795 3
5 1089760051796 3
5 1089760051797 1
5 1089760051798 3
5 1089760051799 2
5 1089760051800 2
5 1089760051801 1
5 1089760051802 2
5 1089760051803 1
5 1089760051804 1
5 1089760051805 3
5 1089760051806 2
5 1089760051807 3
5 1089760051808 2
5 1089760051809 4
5 1089760051810 3
5 1089760051813 3
5 1089760051814 1
5 1089760051815 4
5 1089760051817 2
5 1089760051818 5
5 1089760051819 2
5 1089760051820 3
5 1089760051821 1
5 1089760051822 2
5 1089760051823 2
5 1089760051824 1
5 1089760051825 1
5 1089760051827 4
5 1089760051828 3
5 1089760051830 1
5 1089760051831 1
5 1089760051833 3
5 1089760051834 2
5 1089760051835 1
5 1089760051836 3
5 1089760051837 4
5 1089760051838 1
5 1089760051841 5
5 1089760051842 4
5 1089760051843 4
5 1089760051844 1
5 1089760051845 4
5 1089760051846 3
5 1089760051848 2
5 1089760051849 3
5 1089760051850 4
5 1089760051851 1
5 1089760051852 5
5 1089760051854 1
5 1089760051855 2
5 1089760051856 3
5 1089760051857 4
5 1089760051858 2
5 1089760051859 2
5 1089760051860 2
5 1089760051861 3
5 1089760051862 2
5 1089760051863 5
5 1089760051865 1
5 1089760051867 2
5 1089760051868 3
5 1089760051870 1
5 1089760051872 4
5 1089760051873 4
5 1089760051874 2
5 1089760051875 3
5 1089760051876 2
5 1089760051877 3
5 1089760051878 1
5 1089760051879 1
5 1089760051880 2
5 1089760051881 2
5 1089760051882 2
5 1089760051883 1
5 1089760051884 4
5 1089760051885 2
5 1089760051886 3
5 1089760051887 6
5 1089760051888 5
5 1089760051889 1
5 1089760051890 2
5 1089760051892 1
5 1089760051893 6
5 1089760051894 1
5 1089760051895 1
5 1089760051896 1
5 1089760051898 4
5 1089760051899 4
5 1089760051900 2
5 1089760051901 1
5 1089760051902 2
5 1089760051903 3
5 1089760051904 2
5 1089760051906 6
5 1089760051907 4
5 1089760051908 3
5 1089760051909 3
5 1089760051910 2
5 1089760051911 3
5 1089760051912 2
5 1089760051913 2
5 1089760051914 3
5 1089760051916 3
5 1089760051917 2
5 1089760051918 4
5 1089760051919 1
5 1089760051920 4
5 1089760051921 2
5 1089760051923 4
5 1089760051924 2
5 1089760051925 1
5 1089760051926 1
5 1089760051927 4
5 1089760051928 4
5 1089760051930 3
5 1089760051931 3
5 1089760051932 2
5 1089760051933 7
5 1089760051934 1
5 1089760051935 1
5 1089760051936 2
5 1089760051937 5
5 1089760051938 1
5 1089760051939 1
5 1089760051940 3
5 1089760051941 3
5 1089760051942 2
5 1089760051943 1
5 1089760051944 3
5 1089760051945 5
5 1089760051948 1
5 1089760051949 4
5 1089760051950 1
5 1089760051951 2
5 1089760051952 1
5 1089760051953 2
5 1089760051955 4
5 1089760051956 4
5 1089760051958 1
5 1089760051959 4
5 1089760051960 1
5 1089760051961 2
5 1089760051962 4
5 1089760051963 1
5 1089760051964 1
5 1089760051966 5
5 1089760051967 3
5 1089760051968 1
5 1089760051969 1
5 1089760051970 1
5 1089760051971 3
5 1089760051972 3
5 1089760051973 8
5 1089760051975 1
5 1089760051976 2
5 1089760051977 4
5 1089760051978 3
5 1089760051979 3
5 1089760051980 2
5 1089760051981 3
5 1089760051982 2
5 1089760051983 7
5 1089760051984 3
5 1089760051985 1
5 1089760051986 1
5 1089760051987 3
5 1089760051988 1
5 1089760051989 1
5 1089760051990 1
5 1089760051992 1
5 1089760051993 3
5 1089760051994 7
5 1089760051995 1
5 1089760051996 3
5 1089760051998 3
5 1089760051999 3
5 1089760052000 3
5 1089760052001 5
5 1089760052002 2
5 1089760052004 4
5 1089760052006 2
5 1089760052007 3
5 1089760052008 3
5 1089760052009 2
5 1089760052010 4
5 1089760052011 6
5 1089760052012 2
5 1089760052013 3
5 1089760052014 5
5 1089760052015 4
5 1089760052017 2
5 1089760052018 1
5 1089760052019 1
5 1089760052020 2
5 1089760052021 3
5 1089760052022 2
5 1089760052023 1
5 1089760052025 2
5 1089760052026 2
5 1089760052027 5
5 1089760052028 3
5 1089760052029 1
5 1089760052030 3
5 1089760052031 8
5 1089760052032 4
5 1089760052033 3
5 1089760052034 4
5 1089760052035 2
5 1089760052036 1
5 1089760052037 5
5 1089760052038 1
5 1089760052039 1
5 1089760052040 3
5 1089760052041 3
5 1089760052042 5
5 1089760052044 4
5 1089760052046 1
5 1089760052047 2
5 1089760052048 4
5 1089760052049 4
5 1089760052050 3
5 1089760052051 1
5 1089760052052 1
5 1089760052053 4
5 1089760052054 2
5 1089760052055 2
5 1089760052056 3
5 1089760052057 6
5 1089760052058 3
5 1089760052059 2
5 1089760052060 1
5 1089760052062 1
5 1089760052063 4
5 1089760052064 1
5 1089760052065 1
5 1089760052066 4
5 1089760052067 2
5 1089760052068 1
5 1089760052070 4
5 1089760052071 3
5 1089760052072 6
5 1089760052073 1
5 1089760052074 2
5 1089760052075 3
5 1089760052076 1
5 1089760052077 1
5 1089760052078 5
5 1089760052079 4
5 1089760052080 1
5 1089760052081 1
5 1089760052082 2
5 1089760052084 4
5 1089760052086 3
5 1089760052087 6
5 1089760052088 1
5 1089760052089 3
5 1089760052090 1
5 1089760052091 1
5 1089760052092 3
5 1089760052093 2
5 1089760052094 2
5 1089760052096 5
5 1089760052098 1
5 1089760052099 4
5 1089760052100 2
5 1089760052101 2
5 1089760052102 1
5 1089760052103 2
5 1089760052104 3
5 1089760052105 3
5 1089760052106 4
5 1089760052107 3
5 1089760052110 2
5 1089760052111 3
5 1089760052112 2
5 1089760052113 4
5 1089760052114 3
5 1089760052115 1
5 1089760052116 2
5 1089760052117 5
5 1089760052118 3
5 1089760052119 2
5 1089760052120 6
5 1089760052121 3
5 1089760052122 2
5 1089760052123 2
5 1089760052124 1
5 1089760052125 7
5 1089760052127 1
5 1089760052128 4
5 1089760052129 2
5 1089760052130 6
5 1089760052131 1
5 1089760052132 3
5 1089760052133 3
5 1089760052134 3
5 1089760052135 3
5 1089760052136 4
5 1089760052137 2
5 1089760052138 6
5 1089760052139 3
5 1089760052140 2
5 1089760052141 1
5 1089760052142 4
5 1089760052143 4
5 1089760052144 2
5 1089760052145 1
5 1089760052146 2
5 1089760052147 2
5 1089760052148 3
5 1089760052149 6
5 1089760052150 5
5 1089760052151 1
5 1089760052152 2
5 1089760052153 1
5 1089760052154 4
5 1089760052155 3
5 1089760052156 4
5 1089760052157 1
5 1089760052159 2
5 1089760052160 2
5 1089760052161 3
5 1089760052162 5
5 1089760052163 2
5 1089760052164 3
5 1089760052165 3
5 1089760052166 1
5 1089760052167 2
5 1089760052168 1
5 1089760052169 5
5 1089760052170 3
5 1089760052171 5
5 1089760052172 1
5 1089760052174 3
5 1089760052175 4
5 1089760052176 1
5 1089760052177 3
5 1089760052178 1
5 1089760052179 1
5 1089760052180 1
5 1089760052181 3
5 1089760052182 1
5 1089760052183 1
5 1089760052184 5
5 1089760052185 4
5 1089760052186 1
5 1089760052187 3
5 1089760052188 4
5 1089760052189 2
5 1089760052190 2
5 1089760052191 2
5 1089760052192 5
5 1089760052193 4
5 1089760052194 3
5 1089760052195 2
5 1089760052196 5
5 1089760052197 5
5 1089760052198 1
5 1089760052199 3
5 1089760052200 8
5 1089760052201 2
5 1089760052202 4
5 1089760052203 2
5 1089760052205 4
5 1089760052206 3
5 1089760052207 3
5 1089760052208 3
5 1089760052209 2
5 1089760052211 2
5 1089760052213 3
5 1089760052214 2
5 1089760052215 3
5 1089760052216 3
5 1089760052218 2
5 1089760052219 3
5 1089760052220 2
5 1089760052221 3
5 1089760052222 3
5 1089760052328 5
5 1089760052329 3
5 1089760052331 4
5 1089760052332 10
5 1089760052333 9
5 1089760052449 10
5 1089760052450 6
5 1089760052451 8
5 1089760052453 14
5 1089760052570 6
5 1089760052573 6
5 1089760052574 10
5 1089760052688 9
5 1089760052689 11
5 1089760052690 6
5 1089760052692 11
5 1089760052694 23
5 1089760052809 7
5 1089760052811 4
5 1089760052813 8
5 1089760052814 8
5 1089760052928 4
5 1089760052929 8
5 1089760052930 6
5 1089760052931 3
5 1089760052932 12
5 1089760053024 4
5 1089760053025 10
5 1089760053026 5
5 1089760053027 5
5 1089760053029 7
5 1089760053056 3
5 1089760053059 12
5 1089760053060 6
5 1089760053061 5
5 1089760053062 7
5 1089760053063 4
5 1089760053088 4
5 1089760053089 4
5 1089760053091 12
5 1089760053092 4
5 1089760053093 7
5 1089760053094 4
5 1089760053095 7
5 1089760053288 8
5 1089760053289 7
5 1089760053290 3
5 1089760053293 9
5 1089760053294 7
5 1089760053424 2
5 1089760053430 7
5 1089760053431 15
5 1089760053664 5
5 1089760053665 13
5 1089760053667 4
5 1089760053668 5
5 1089760053670 9
5 1089760053671 20
5 1089760053776 7
5 1089760053777 4
5 1089760053778 14
5 1089760053781 9
5 1089760053782 12
5 1089760053783 6
5 1089760053796 7
5 1089760053797 18
5 1089760053798 12
5 1089760053832 2
5 1089760053833 4
5 1089760053834 8
5 1089760053835 5
5 1089760053836 3
5 1089760053839 7
5 1089760054049 6
5 1089760054050 14
5 1089760054051 17
5 1089760054052 5
5 1089760054053 27
5 1089760054054 40
5 1089760054055 11
5 1089760054144 17
5 1089760054145 43
5 1089760054146 29
5 1089760054148 11
5 1089760054149 14
5 1089760054150 34
5 1089760054151 8
6 1089760034880 100
6 1089760034881 87
6 1089760034882 238
6 1089760034883 83
6 1089760034884 67
6 1089760034885 36
6 1089760034886 20
6 1089760034887 164
6 1089760034888 1162
6 1089760034889 78
6 1089760034890 46
6 1089760034891 32
6 1089760034892 28
6 1089760034893 190
6 1089760034894 16
6 1089760034895 55
6 1089760035120 121
6 1089760035121 834
6 1089760035122 45
6 1089760035123 51
6 1089760035124 26
6 1089760035125 38
6 1089760035126 163
6 1089760035127 47
6 1089760035128 41
6 1089760035129 38
6 1089760035130 18
6 1089760035131 43
6 1089760035132 50
6 1089760035133 148
6 1089760035134 61
6 1089760035135 138
6 1089760035360 79
6 1089760035361 88
6 1089760035362 67
6 1089760035363 108
6 1089760035364 185
6 1089760035365 12
6 1089760035366 349
6 1089760035367 76
6 1089760035368 179
6 1089760035369 121
6 1089760035370 40
6 1089760035371 337
6 1089760035372 30
6 1089760035373 95
6 1089760035374 35
6 1089760035375 25
6 1089760035600 46
6 1089760035602 73
6 1089760035603 465
6 1089760035604 28
6 1089760035605 352
6 1089760035606 139
6 1089760035607 44
6 1089760035608 27
6 1089760035609 62
6 1089760035610 30
6 1089760035611 27
6 1089760035612 406
6 1089760035614 257
6 1089760035615 111
6 1089760035840 14
6 1089760035841 109
6 1089760035842 886
6 1089760035843 147
6 1089760035845 159
6 1089760035846 693
6 1089760035847 22
6 1089760035848 16
6 1089760035849 98
6 1089760035850 40
6 1089760035851 82
6 1089760035852 20
6 1089760035853 542
6 1089760035854 39
6 1089760035855 58
6 1089760036080 111
6 1089760036081 416
6 1089760036082 84
6 1089760036083 65
6 1089760036084 47
6 1089760036085 140
6 1089760036086 99
6 1089760036087 26
6 1089760036088 43
6 1089760036089 37
6 1089760036090 20
6 1089760036091 30
6 1089760036093 128
6 1089760036094 49
6 1089760036095 38
6 1089760036576 282
6 1089760036577 24
6 1089760036578 24
6 1089760036579 22
6 1089760036580 24
6 1089760036581 62
6 1089760036582 132
6 1089760036583 48
6 1089760036584 28
6 1089760036585 10
6 1089760036586 56
6 1089760036587 40
6 1089760036588 20
6 1089760036589 48
6 1089760036590 42
6 1089760036591 18
6 1089760036816 34
6 1089760036817 40
6 1089760036818 36
6 1089760036819 42
6 1089760036820 44
6 1089760036821 26
6 1089760036822 42
6 1089760036823 98
6 1089760036824 27
6 1089760036825 134
6 1089760036826 48
6 1089760036827 8
6 1089760036828 16
6 1089760036829 148
6 1089760036830 20
6 1089760036831 34
6 1089760036896 60
6 1089760036897 54
6 1089760036898 240
6 1089760036899 18
6 1089760036900 30
6 1089760036901 38
6 1089760036902 72
6 1089760036903 42
6 1089760036904 54
6 1089760036905 520
6 1089760036906 12
6 1089760036907 14
6 1089760036908 26
6 1089760036909 98
6 1089760036910 30
6 1089760036911 36
6 1089760037424 26
6 1089760037425 56
6 1089760037426 20
6 1089760037427 30
6 1089760037428 38
6 1089760037429 42
6 1089760037430 26
6 1089760037431 2242
6 1089760037432 66
6 1089760037433 44
6 1089760037434 40
6 1089760037435 52
6 1089760037436 40
6 1089760037437 40
6 1089760037438 10
6 1089760037439 32
6 1089760037664 124
6 1089760037665 8
6 1089760037666 18
6 1089760037667 12
6 1089760037668 187
6 1089760037669 36
6 1089760037670 50
6 1089760037671 52
6 1089760037672 20
6 1089760037673 10
6 1089760037674 24
6 1089760037675 16
6 1089760037676 72
6 1089760037677 16
6 1089760037678 22
6 1089760037679 337
6 1089760037840 54
6 1089760037841 163
6 1089760037842 56
6 1089760037843 52
6 1089760037844 72
6 1089760037845 75
6 1089760037846 73
6 1089760037847 198
6 1089760037848 68
6 1089760037849 38
6 1089760037850 131
6 1089760037851 83
6 1089760037852 64
6 1089760037853 248
6 1089760037854 78
6 1089760037855 52
6 1089760038256 655
6 1089760038257 201
6 1089760038258 150
6 1089760038259 213
6 1089760038260 181
6 1089760038261 412
6 1089760038262 186
6 1089760038263 315
6 1089760038264 56
6 1089760038265 355
6 1089760038266 310
6 1089760038267 190
6 1089760038268 79
6 1089760038269 179
6 1089760038270 83
6 1089760038271 318
6 1089760038272 54
6 1089760038273 68
6 1089760038274 397
6 1089760038275 96
6 1089760038276 152
6 1089760038277 179
6 1089760038278 1423
6 1089760038279 287
6 1089760038280 254
6 1089760038281 50
6 1089760038282 350
6 1089760038283 668
6 1089760038284 259
6 1089760038285 199
6 1089760038286 358
6 1089760038287 86
6 1089760038688 219
6 1089760038689 48
6 1089760038690 83
6 1089760038691 493
6 1089760038692 68
6 1089760038693 68
6 1089760038694 277
6 1089760038695 130
6 1089760038696 1030
6 1089760038697 48
6 1089760038698 295
6 1089760038699 662
6 1089760038700 134
6 1089760038701 42
6 1089760038702 36
6 1089760038703 90
6 1089760039103 19
6 1089760039104 4
6 1089760039105 6
6 1089760039106 18
6 1089760039108 24
6 1089760039109 22
6 1089760039110 40
6 1089760039111 16
6 1089760039112 16
6 1089760039113 45
6 1089760039114 15
6 1089760039115 6
6 1089760039116 17
6 1089760039117 157
6 1089760039118 26
6 1089760039119 13
6 1089760039122 27
6 1089760039123 308
6 1089760039125 40
6 1089760039126 3
6 1089760039127 7
6 1089760039128 21
6 1089760039129 99
6 1089760039130 58
6 1089760039131 41
6 1089760039132 13
6 1089760039133 9
6 1089760039134 4
6 1089760039135 12
6 1089760039136 5
6 1089760039139 20
6 1089760039140 41
6 1089760039141 7
6 1089760039142 24
6 1089760039145 77
6 1089760039146 2
6 1089760039148 33
6 1089760039149 106
6 1089760039150 6
6 1089760039824 7
6 1089760039826 7
6 1089760039827 233
6 1089760039828 16
6 1089760039829 14
6 1089760039830 57
6 1089760039831 51
6 1089760039832 38
6 1089760039834 3
6 1089760039835 16
6 1089760039836 25
6 1089760039837 15
6 1089760039838 117
6 1089760039839 8
6 1089760039840 26
6 1089760039843 3
6 1089760039844 162
6 1089760039845 68
6 1089760039846 40
6 1089760039848 42
6 1089760039849 85
6 1089760039851 19
6 1089760039853 16
6 1089760039854 10
6 1089760039855 2
6 1089760039856 8
6 1089760039857 15
6 1089760039860 10
6 1089760039861 15
6 1089760039862 8
6 1089760039863 8
6 1089760039864 4
6 1089760039865 8
6 1089760039866 46
6 1089760039867 6
6 1089760039869 23
6 1089760039870 10
6 1089760040535 6
6 1089760040537 22
6 1089760040541 15
6 1089760040542 1
6 1089760040543 5
6 1089760040544 27
6 1089760040545 42
6 1089760040546 248
6 1089760040547 11
6 1089760040548 755
6 1089760040550 24
6 1089760040553 8
6 1089760040554 154
6 1089760040556 69
6 1089760040557 15
6 1089760040558 28
6 1089760040559 46
6 1089760040560 8
6 1089760040561 6
6 1089760040562 15
6 1089760040563 14
6 1089760040564 746
6 1089760040565 7
6 1089760040566 5
6 1089760040567 96
6 1089760040569 41
6 1089760040570 37
6 1089760040571 42
6 1089760040573 6
6 1089760040574 7
6 1089760040575 9
6 1089760040576 5
6 1089760040577 433
6 1089760040578 10
6 1089760040579 97
6 1089760040580 3
6 1089760040581 13
6 1089760040584 17
6 1089760041248 12
6 1089760041249 1
6 1089760041253 339
6 1089760041254 238
6 1089760041256 22
6 1089760041258 6
6 1089760041259 4
6 1089760041260 360
6 1089760041262 14
6 1089760041263 2
6 1089760041265 4
6 1089760041266 33
6 1089760041267 11
6 1089760041268 2
6 1089760041269 40
6 1089760041270 7
6 1089760041271 6
6 1089760041273 33
6 1089760041274 6
6 1089760041275 41
6 1089760041277 106
6 1089760041278 5
6 1089760041279 140
6 1089760041280 25
6 1089760041282 4
6 1089760041283 20
6 1089760041284 1
6 1089760041287 196
6 1089760041288 44
6 1089760041290 15
6 1089760041291 14
6 1089760041292 18
6 1089760041976 29
6 1089760041977 16
6 1089760041980 8
6 1089760041981 41
6 1089760041982 241
6 1089760041983 21
6 1089760041984 5
6 1089760041986 5
6 1089760041989 97
6 1089760041990 13
6 1089760041991 28
6 1089760041993 7
6 1089760041994 52
6 1089760041995 42
6 1089760041996 8
6 1089760041999 6
6 1089760042000 6
6 1089760042001 27
6 1089760042002 90
6 1089760042003 6
6 1089760042005 11
6 1089760042008 120
6 1089760042009 148
6 1089760042010 23
6 1089760042011 7
6 1089760042012 25
6 1089760042013 169
6 1089760042014 11
6 1089760042015 8
6 1089760042016 21
6 1089760042017 33
6 1089760042018 4
6 1089760042019 3
6 1089760042020 21
6 1089760042021 5
6 1089760042022 6
6 1089760042703 7
6 1089760042704 16
6 1089760042706 5
6 1089760042707 6
6 1089760042708 22
6 1089760042709 117
6 1089760042710 15
6 1089760042711 14
6 1089760042712 6
6 1089760042713 33
6 1089760042714 16
6 1089760042715 20
6 1089760042716 4
6 1089760042717 1
6 1089760042718 19
6 1089760042719 5
6 1089760042720 146
6 1089760042721 13
6 1089760042722 9
6 1089760042723 15
6 1089760042726 16
6 1089760042727 3
6 1089760042728 16
6 1089760042729 67
6 1089760042731 4
6 1089760042732 51
6 1089760042734 8
6 1089760042735 2
6 1089760042737 115
6 1089760042738 10
6 1089760042739 22
6 1089760042742 11
6 1089760042744 205
6 1089760042745 11
6 1089760042746 18
6 1089760042747 73
6 1089760042748 14
6 1089760042749 100
6 1089760044188 8
6 1089760044189 1
6 1089760044190 23
6 1089760044192 6
6 1089760044193 5
6 1089760044194 396
6 1089760044196 6
6 1089760044197 8
6 1089760044198 8
6 1089760044199 8
6 1089760044200 7
6 1089760044202 10
6 1089760044203 10
6 1089760044204 11
6 1089760044205 8
6 1089760044206 6
6 1089760044207 5
6 1089760044208 11
6 1089760044209 7
6 1089760044210 3
6 1089760044211 5
6 1089760044213 10
6 1089760044214 10
6 1089760044217 117
6 1089760044218 14
6 1089760044219 14
6 1089760044220 24
6 1089760044221 7
6 1089760044222 19
6 1089760044223 5
6 1089760044224 4
6 1089760044225 5
6 1089760044226 7
6 1089760044227 3
6 1089760044228 4
6 1089760044229 8
6 1089760044230 8
6 1089760044231 15
6 1089760044232 7
6 1089760044233 5
6 1089760044234 9
6 1089760044235 9
6 1089760044917 14
6 1089760044918 5
6 1089760044920 19
6 1089760044923 4
6 1089760044924 17
6 1089760044926 11
6 1089760044927 24
6 1089760044928 5
6 1089760044929 4
6 1089760044930 8
6 1089760044931 20
6 1089760044932 10
6 1089760044933 2
6 1089760044934 4
6 1089760044935 3
6 1089760044936 18
6 1089760044937 17
6 1089760044938 10
6 1089760044939 15
6 1089760044940 29
6 1089760044941 5
6 1089760044944 12
6 1089760044945 8
6 1089760044946 1
6 1089760044947 13
6 1089760044949 11
6 1089760044950 15
6 1089760044951 5
6 1089760044953 9
6 1089760044956 14
6 1089760044957 3
6 1089760044960 7
6 1089760044961 26
6 1089760044962 150
6 1089760045154 3
6 1089760045155 21
6 1089760045156 21
6 1089760045157 22
6 1089760045158 9
6 1089760045159 14
6 1089760045160 14
6 1089760045161 6
6 1089760045163 6
6 1089760045165 3
6 1089760045167 12
6 1089760045168 9
6 1089760045169 12
6 1089760045171 15
6 1089760045172 17
6 1089760045173 12
6 1089760045174 9
6 1089760045175 7
6 1089760045176 20
6 1089760045177 3
6 1089760045178 12
6 1089760045179 21
6 1089760045180 8
6 1089760045181 27
6 1089760045182 412
6 1089760045183 16
6 1089760045187 6
6 1089760045188 3
6 1089760045189 6
6 1089760045191 3
6 1089760045192 9
6 1089760045193 11
6 1089760045194 5
6 1089760045195 15
6 1089760045196 19
6 1089760045197 15
6 1089760045198 1
6 1089760045201 10
6 1089760045202 15
6 1089760046743 361
6 1089760046744 7
6 1089760046745 12
6 1089760046746 10
6 1089760046747 8
6 1089760046748 5
6 1089760046749 6
6 1089760046750 4
6 1089760046751 210
6 1089760046752 6
6 1089760046753 16
6 1089760046754 6
6 1089760046755 18
6 1089760046757 1
6 1089760046758 21
6 1089760046759 3
6 1089760046760 13
6 1089760046762 1
6 1089760046763 14
6 1089760046764 7
6 1089760046765 8
6 1089760046766 2
6 1089760046767 10
6 1089760046768 20
6 1089760046769 18
6 1089760046770 9
6 1089760046771 22
6 1089760046772 84
6 1089760046773 15
6 1089760046774 22
6 1089760046776 7
6 1089760046777 9
6 1089760046778 16
6 1089760046779 10
6 1089760046780 13
6 1089760046781 10
6 1089760046782 5
6 1089760046783 11
6 1089760046784 135
6 1089760046785 3
6 1089760046787 6
6 1089760046788 3
6 1089760046789 4
6 1089760046790 18
6 1089760047462 3
6 1089760047465 4
6 1089760047467 3
6 1089760047468 10
6 1089760047471 179
6 1089760047472 8
6 1089760047473 5
6 1089760047474 21
6 1089760047475 15
6 1089760047476 16
6 1089760047477 121
6 1089760047478 12
6 1089760047479 4
6 1089760047480 8
6 1089760047481 14
6 1089760047482 10
6 1089760047483 9
6 1089760047484 19
6 1089760047485 5
6 1089760047486 5
6 1089760047490 6
6 1089760047491 6
6 1089760047492 4
6 1089760047493 5
6 1089760047494 4
6 1089760047495 4
6 1089760047497 2
6 1089760047498 19
6 1089760047499 12
6 1089760047500 12
6 1089760047502 8
6 1089760047504 11
6 1089760047505 6
6 1089760047506 7
6 1089760047507 11
6 1089760047508 10
6 1089760047994 50
6 1089760047995 17
6 1089760047996 24
6 1089760047997 35
6 1089760047998 112
6 1089760047999 31
6 1089760048000 28
6 1089760048001 25
6 1089760048002 24
6 1089760048003 24
6 1089760048004 10
6 1089760048005 19
6 1089760048006 22
6 1089760048007 29
6 1089760048008 15
6 1089760048009 278
6 1089760048010 25
6 1089760048011 15
6 1089760048012 25
6 1089760048013 24
6 1089760048014 12
6 1089760048015 304
6 1089760048016 66
6 1089760048017 194
6 1089760048018 17
6 1089760048019 2396
6 1089760048020 165
6 1089760048021 24
6 1089760048022 10
6 1089760048023 18
6 1089760048024 21
6 1089760048025 8
6 1089760048026 42
6 1089760048027 26
6 1089760048028 119
6 1089760048029 162
6 1089760048030 51
6 1089760048031 63
6 1089760048032 80
6 1089760048033 43
6 1089760048034 57
6 1089760048035 22
6 1089760048036 28
6 1089760048037 26
6 1089760048038 24
6 1089760048039 27
6 1089760048040 19
6 1089760048041 6
6 1089760049235 16
6 1089760049236 534
6 1089760049237 16
6 1089760049238 121
6 1089760049239 15
6 1089760049240 29
6 1089760049241 22
6 1089760049242 21
6 1089760049243 16
6 1089760049244 22
6 1089760049245 17
6 1089760049246 24
6 1089760049247 16
6 1089760049248 17
6 1089760049249 15
6 1089760049250 13
6 1089760049251 27
6 1089760049252 23
6 1089760049253 26
6 1089760049254 21
6 1089760049255 22
6 1089760049256 15
6 1089760049257 127
6 1089760049258 43
6 1089760049259 28
6 1089760049260 57
6 1089760049261 9
6 1089760049262 19
6 1089760049263 24
6 1089760049264 191
6 1089760049265 98
6 1089760049266 387
6 1089760049267 19
6 1089760049268 49
6 1089760049269 13
6 1089760049270 33
6 1089760049271 28
6 1089760049272 27
6 1089760049273 27
6 1089760049274 299
6 1089760049275 20
6 1089760049276 101
6 1089760049277 34
6 1089760049278 13
6 1089760049279 163
6 1089760049280 263
6 1089760049281 27
6 1089760049282 30
6 1089760049283 287
6 1089760049284 494
6 1089760049285 16
6 1089760049286 7
6 1089760049287 97
6 1089760049288 22
6 1089760049289 42
6 1089760049290 45
6 1089760049291 21
6 1089760049292 51
6 1089760049293 45
6 1089760049294 40
6 1089760049295 28
6 1089760049296 277
6 1089760049297 43
6 1089760049298 20
6 1089760049299 17
6 1089760049300 66
6 1089760049301 450
6 1089760049302 289
6 1089760049303 155
6 1089760049304 43
6 1089760049305 82
6 1089760049306 38
6 1089760049307 20
6 1089760049308 25
6 1089760049309 41
6 1089760049310 25
6 1089760049311 210
6 1089760049312 5
6 1089760049313 21
6 1089760049314 168
6 1089760049315 39
6 1089760049316 46
6 1089760049317 18
6 1089760049318 78
6 1089760049319 515
6 1089760049320 118
6 1089760049321 44
6 1089760049322 105
6 1089760049323 192
6 1089760049324 37
6 1089760049325 162
6 1089760049326 1077
6 1089760049327 19
6 1089760049328 15
6 1089760049329 13
6 1089760049330 107
6 1089760050534 12
6 1089760050535 20
6 1089760050536 15
6 1089760050537 11
6 1089760050538 13
6 1089760050539 22
6 1089760050540 20
6 1089760050541 17
6 1089760050542 17
6 1089760050543 34
6 1089760050544 11
6 1089760050545 195
6 1089760050546 136
6 1089760050547 22
6 1089760050548 24
6 1089760050549 20
6 1089760050550 23
6 1089760050551 23
6 1089760050552 9
6 1089760050553 11
6 1089760050554 12
6 1089760050555 473
6 1089760050556 59
6 1089760050557 21
6 1089760050558 18
6 1089760050559 20
6 1089760050560 24
6 1089760050561 13
6 1089760050562 14
6 1089760050563 8
6 1089760050564 23
6 1089760050565 17
6 1089760050566 137
6 1089760050567 15
6 1089760050568 10
6 1089760050569 93
6 1089760050570 27
6 1089760050571 12
6 1089760050572 17
6 1089760050573 12
6 1089760050574 16
6 1089760050575 5
6 1089760050576 8
6 1089760050577 17
6 1089760050578 19
6 1089760050579 27
6 1089760050580 400
6 1089760050581 11
6 1089760051208 4
6 1089760051209 4
6 1089760051238 4
6 1089760051239 4
6 1089760051268 4
6 1089760051269 4
6 1089760051298 4
6 1089760051299 4
6 1089760051328 4
6 1089760051329 4
6 1089760051358 4
6 1089760051359 4
6 1089760051420 4
6 1089760051421 4
6 1089760051450 4
6 1089760051451 4
6 1089760051460 4
6 1089760051461 4
6 1089760051526 4
6 1089760051527 4
6 1089760051556 4
6 1089760051557 4
6 1089760051578 4
6 1089760051579 4
6 1089760051630 4
6 1089760051631 4
6 1089760051632 4
6 1089760051633 4
6 1089760051684 4
6 1089760051685 4
6 1089760051712 20
6 1089760051713 25
6 1089760051714 20
6 1089760051715 153
6 1089760051716 16
6 1089760051717 14
6 1089760051718 25
6 1089760051719 13
6 1089760051720 16
6 1089760051721 178
6 1089760051722 18
6 1089760051723 80
6 1089760051724 358
6 1089760051725 15
6 1089760051726 38
6 1089760051727 17
6 1089760051728 10
6 1089760051729 14
6 1089760051730 767
6 1089760051731 274
6 1089760051732 53
6 1089760051733 17
6 1089760051734 30
6 1089760051735 107
6 1089760051736 12
6 1089760051737 266
6 1089760051738 484
6 1089760051739 17
6 1089760051740 15
6 1089760051741 18
6 1089760051742 17
6 1089760051743 18
6 1089760051744 11
6 1089760051745 25
6 1089760051746 14
6 1089760051747 13
6 1089760051748 24
6 1089760051749 15
6 1089760051750 37
6 1089760051751 17
6 1089760051752 39
6 1089760051753 13
6 1089760051754 135
6 1089760051755 15
6 1089760051756 16
6 1089760051757 27
6 1089760051758 75
6 1089760051759 10
6 1089760051760 12
6 1089760051761 93
6 1089760051762 12
6 1089760051763 22
6 1089760051764 84
6 1089760051765 21
6 1089760051766 29
6 1089760051767 20
6 1089760051768 22
6 1089760051769 18
6 1089760051770 16
6 1089760051771 22
6 1089760051772 13
6 1089760051773 145
6 1089760051774 74
6 1089760051775 15
6 1089760051776 19
6 1089760051777 31
6 1089760051778 61
6 1089760051779 754
6 1089760051780 15
6 1089760051781 17
6 1089760051782 15
6 1089760051783 182
6 1089760051784 34
6 1089760051785 687
6 1089760051786 17
6 1089760051787 16
6 1089760051788 19
6 1089760051789 405
6 1089760051790 65
6 1089760051791 88
6 1089760051792 10
6 1089760051793 751
6 1089760051794 256
6 1089760051795 184
6 1089760051796 131
6 1089760051797 139
6 1089760051798 11
6 1089760051799 19
6 1089760051800 109
6 1089760051801 18
6 1089760051802 54
6 1089760051803 14
6 1089760051804 21
6 1089760051805 16
6 1089760051806 88
6 1089760051807 17
6 1089760051808 9
6 1089760051809 124
6 1089760051810 10
6 1089760051811 160
6 1089760051812 11
6 1089760051813 89
6 1089760051814 564
6 1089760051815 15
6 1089760051816 10
6 1089760051817 99
6 1089760051818 28
6 1089760051819 18
6 1089760051820 145
6 1089760051821 19
6 1089760051822 16
6 1089760051823 12
6 1089760051824 17
6 1089760051825 16
6 1089760051826 19
6 1089760051827 14
6 1089760051828 13
6 1089760051829 21
6 1089760051830 10
6 1089760051831 805
6 1089760051832 132
6 1089760051833 20
6 1089760051834 18
6 1089760051835 51
6 1089760051836 20
6 1089760051837 13
6 1089760051838 213
6 1089760051839 18
6 1089760051840 22
6 1089760051841 310
6 1089760051842 14
6 1089760051843 14
6 1089760051844 20
6 1089760051845 31
6 1089760051846 140
6 1089760051847 22
6 1089760051848 21
6 1089760051849 381
6 1089760051850 14
6 1089760051851 23
6 1089760051852 16
6 1089760051853 26
6 1089760051854 21
6 1089760051855 12
6 1089760051856 141
6 1089760051857 12
6 1089760051858 11
6 1089760051859 22
6 1089760051860 24
6 1089760051861 113
6 1089760051862 22
6 1089760051863 21
6 1089760051864 41
6 1089760051865 19
6 1089760051866 16
6 1089760051867 14
6 1089760051868 16
6 1089760051869 225
6 1089760051870 12
6 1089760051871 111
6 1089760051872 20
6 1089760051873 21
6 1089760051874 85
6 1089760051875 17
6 1089760051876 45
6 1089760051877 37
6 1089760051878 226
6 1089760051879 26
6 1089760051880 19
6 1089760051881 34
6 1089760051882 18
6 1089760051883 36
6 1089760051884 21
6 1089760051885 11
6 1089760051886 165
6 1089760051887 41
6 1089760051888 16
6 1089760051889 20
6 1089760051890 31
6 1089760051891 212
6 1089760051892 17
6 1089760051893 18
6 1089760051894 16
6 1089760051895 16
6 1089760051896 26
6 1089760051897 192
6 1089760051898 18
6 1089760051899 18
6 1089760051900 14
6 1089760051901 26
6 1089760051902 18
6 1089760051903 46
6 1089760051904 13
6 1089760051905 19
6 1089760051906 7
6 1089760051907 71
6 1089760051908 87
6 1089760051909 13
6 1089760051910 15
6 1089760051911 16
6 1089760051912 16
6 1089760051913 19
6 1089760051914 66
6 1089760051915 22
6 1089760051916 12
6 1089760051917 11
6 1089760051918 13
6 1089760051919 68
6 1089760051920 54
6 1089760051921 17
6 1089760051922 13
6 1089760051923 16
6 1089760051924 16
6 1089760051925 118
6 1089760051926 17
6 1089760051927 11
6 1089760051928 11
6 1089760051929 15
6 1089760051930 28
6 1089760051931 23
6 1089760051932 13
6 1089760051933 29
6 1089760051934 134
6 1089760051935 17
6 1089760051936 12
6 1089760051937 16
6 1089760051938 10
6 1089760051939 25
6 1089760051940 23
6 1089760051941 29
6 1089760051942 14
6 1089760051943 21
6 1089760051944 15
6 1089760051945 30
6 1089760051946 76
6 1089760051947 18
6 1089760051948 82
6 1089760051949 19
6 1089760051950 134
6 1089760051951 13
6 1089760051952 105
6 1089760051953 22
6 1089760051954 172
6 1089760051955 11
6 1089760051956 20
6 1089760051957 99
6 1089760051958 27
6 1089760051959 20
6 1089760051960 11
6 1089760051961 156
6 1089760051962 198
6 1089760051963 16
6 1089760051964 19
6 1089760051965 16
6 1089760051966 11
6 1089760051967 18
6 1089760051968 13
6 1089760051969 14
6 1089760051970 52
6 1089760051971 18
6 1089760051972 23
6 1089760051973 97
6 1089760051974 18
6 1089760051975 23
6 1089760051976 16
6 1089760051977 115
6 1089760051978 22
6 1089760051979 18
6 1089760051980 41
6 1089760051981 84
6 1089760051982 105
6 1089760051983 16
6 1089760051984 19
6 1089760051985 15
6 1089760051986 10
6 1089760051987 269
6 1089760051988 20
6 1089760051989 23
6 1089760051990 24
6 1089760051991 14
6 1089760051992 17
6 1089760051993 20
6 1089760051994 17
6 1089760051995 11
6 1089760051996 14
6 1089760051997 97
6 1089760051998 260
6 1089760051999 21
6 1089760052000 20
6 1089760052001 13
6 1089760052002 21
6 1089760052003 20
6 1089760052004 9
6 1089760052005 13
6 1089760052006 13
6 1089760052007 11
6 1089760052008 24
6 1089760052009 624
6 1089760052010 16
6 1089760052011 16
6 1089760052012 12
6 1089760052013 13
6 1089760052014 185
6 1089760052015 16
6 1089760052016 13
6 1089760052017 34
6 1089760052018 31
6 1089760052019 22
6 1089760052020 18
6 1089760052021 15
6 1089760052022 40
6 1089760052023 24
6 1089760052024 41
6 1089760052025 638
6 1089760052026 14
6 1089760052027 22
6 1089760052028 16
6 1089760052029 35
6 1089760052030 13
6 1089760052031 17
6 1089760052032 17
6 1089760052033 25
6 1089760052034 22
6 1089760052035 12
6 1089760052036 16
6 1089760052037 43
6 1089760052038 18
6 1089760052039 47
6 1089760052040 174
6 1089760052041 15
6 1089760052042 19
6 1089760052043 76
6 1089760052044 26
6 1089760052045 19
6 1089760052046 16
6 1089760052047 361
6 1089760052048 23
6 1089760052049 149
6 1089760052050 45
6 1089760052051 15
6 1089760052052 31
6 1089760052053 12
6 1089760052054 17
6 1089760052055 20
6 1089760052056 60
6 1089760052057 13
6 1089760052058 26
6 1089760052059 24
6 1089760052060 178
6 1089760052061 13
6 1089760052062 225
6 1089760052063 19
6 1089760052064 77
6 1089760052065 15
6 1089760052066 22
6 1089760052067 9
6 1089760052068 22
6 1089760052069 23
6 1089760052070 16
6 1089760052071 384
6 1089760052072 146
6 1089760052073 15
6 1089760052074 117
6 1089760052075 13
6 1089760052076 13
6 1089760052077 610
6 1089760052078 11
6 1089760052079 37
6 1089760052080 61
6 1089760052081 210
6 1089760052082 16
6 1089760052083 18
6 1089760052084 22
6 1089760052085 16
6 1089760052086 521
6 1089760052087 18
6 1089760052088 14
6 1089760052089 17
6 1089760052090 18
6 1089760052091 14
6 1089760052092 31
6 1089760052093 25
6 1089760052094 13
6 1089760052095 17
6 1089760052096 67
6 1089760052097 18
6 1089760052098 30
6 1089760052099 84
6 1089760052100 27
6 1089760052101 58
6 1089760052102 15
6 1089760052103 15
6 1089760052104 16
6 1089760052105 34
6 1089760052106 22
6 1089760052107 636
6 1089760052108 14
6 1089760052109 18
6 1089760052110 11
6 1089760052111 8
6 1089760052112 239
6 1089760052113 21
6 1089760052114 16
6 1089760052115 142
6 1089760052116 16
6 1089760052117 219
6 1089760052118 31
6 1089760052119 12
6 1089760052120 27
6 1089760052121 11
6 1089760052122 11
6 1089760052123 21
6 1089760052124 21
6 1089760052125 18
6 1089760052126 21
6 1089760052127 20
6 1089760052128 13
6 1089760052129 16
6 1089760052130 15
6 1089760052131 11
6 1089760052132 13
6 1089760052133 120
6 1089760052134 13
6 1089760052135 19
6 1089760052136 12
6 1089760052137 854
6 1089760052138 553
6 1089760052139 20
6 1089760052140 17
6 1089760052141 428
6 1089760052142 24
6 1089760052143 18
6 1089760052144 10
6 1089760052145 24
6 1089760052146 34
6 1089760052147 152
6 1089760052148 27
6 1089760052149 38
6 1089760052150 46
6 1089760052151 18
6 1089760052152 11
6 1089760052153 10
6 1089760052154 17
6 1089760052155 16
6 1089760052156 20
6 1089760052157 14
6 1089760052158 14
6 1089760052159 1032
6 1089760052160 33
6 1089760052161 13
6 1089760052162 19
6 1089760052163 22
6 1089760052164 17
6 1089760052165 46
6 1089760052166 19
6 1089760052167 16
6 1089760052168 24
6 1089760052169 21
6 1089760052170 22
6 1089760052171 21
6 1089760052172 145
6 1089760052173 297
6 1089760052174 255
6 1089760052175 89
6 1089760052176 16
6 1089760052177 14
6 1089760052178 17
6 1089760052179 24
6 1089760052180 20
6 1089760052181 23
6 1089760052182 18
6 1089760052183 20
6 1089760052184 21
6 1089760052185 118
6 1089760052186 136
6 1089760052187 191
6 1089760052188 24
6 1089760052189 179
6 1089760052190 16
6 1089760052191 48
6 1089760052192 41
6 1089760052193 15
6 1089760052194 22
6 1089760052195 252
6 1089760052196 17
6 1089760052197 326
6 1089760052198 19
6 1089760052199 16
6 1089760052200 18
6 1089760052201 23
6 1089760052202 1468
6 1089760052203 14
6 1089760052204 38
6 1089760052205 73
6 1089760052206 18
6 1089760052207 69
6 1089760052208 43
6 1089760052209 27
6 1089760052210 92
6 1089760052211 15
6 1089760052212 17
6 1089760052213 20
6 1089760052214 19
6 1089760052215 20
6 1089760052216 14
6 1089760052217 281
6 1089760052218 20
6 1089760052219 87
6 1089760052220 183
6 1089760052221 17
6 1089760052222 35
6 1089760052223 17
6 1089760052256 35
6 1089760052257 39
6 1089760052258 21
6 1089760052259 1005
6 1089760052260 64
6 1089760052261 1019
6 1089760052262 25
6 1089760052263 27
6 1089760052376 82
6 1089760052377 66
6 1089760052378 28
6 1089760052379 274
6 1089760052380 30
6 1089760052381 324
6 1089760052382 47
6 1089760052383 18
6 1089760052496 25
6 1089760052497 26
6 1089760052498 14
6 1089760052499 55
6 1089760052500 169
6 1089760052501 31
6 1089760052502 25
6 1089760052503 15
6 1089760052616 88
6 1089760052617 36
6 1089760052618 45
6 1089760052619 19
6 1089760052620 152
6 1089760052621 21
6 1089760052622 8
6 1089760052623 148
6 1089760052736 589
6 1089760052737 24
6 1089760052738 17
6 1089760052739 33
6 1089760052740 22
6 1089760052741 47
6 1089760052742 23
6 1089760052743 20
6 1089760052856 21
6 1089760052857 32
6 1089760052858 37
6 1089760052859 77
6 1089760052860 384
6 1089760052861 19
6 1089760052862 45
6 1089760052863 19
6 1089760053104 28
6 1089760053105 267
6 1089760053106 30
6 1089760053107 16
6 1089760053108 18
6 1089760053109 30
6 1089760053110 22
6 1089760053111 23
6 1089760053224 24
6 1089760053225 26
6 1089760053226 24
6 1089760053227 177
6 1089760053228 20
6 1089760053229 17
6 1089760053230 17
6 1089760053231 15
6 1089760053264 209
6 1089760053265 13
6 1089760053266 26
6 1089760053267 36
6 1089760053268 26
6 1089760053269 10
6 1089760053270 23
6 1089760053271 93
6 1089760053528 109
6 1089760053529 16
6 1089760053530 26
6 1089760053531 26
6 1089760053532 68
6 1089760053533 31
6 1089760053534 86
6 1089760053535 18
6 1089760053648 5
6 1089760053649 8
6 1089760053650 28
6 1089760053651 41
6 1089760053652 12
6 1089760053653 12
6 1089760053654 107
6 1089760053655 62
6 1089760053736 33
6 1089760053737 120
6 1089760053738 35
6 1089760053739 110
6 1089760053740 238
6 1089760053741 32
6 1089760053742 30
6 1089760053743 45
6 1089760053944 26
6 1089760053945 228
6 1089760053946 133
6 1089760053947 31
6 1089760053948 34
6 1089760053949 85
6 1089760053950 37
6 1089760053951 38
6 1089760053952 216
6 1089760053953 50
6 1089760053954 32
6 1089760053955 36
6 1089760053956 29
6 1089760053957 34
6 1089760053958 32
6 1089760053959 41
6 1089760054160 32
6 1089760054161 38
6 1089760054162 41
6 1089760054163 27
6 1089760054164 55
6 1089760054165 100
6 1089760054166 26
6 1089760054167 31
7 1089760034976 53
7 1089760034977 48
7 1089760034978 30
7 1089760034979 30
7 1089760034980 66
7 1089760034981 43
7 1089760034982 142
7 1089760034983 26
7 1089760034984 190
7 1089760034985 285
7 1089760034986 22
7 1089760034987 40
7 1089760034988 346
7 1089760034989 30
7 1089760034990 60
7 1089760034991 34
7 1089760035216 158
7 1089760035217 20
7 1089760035218 18
7 1089760035219 31
7 1089760035220 28
7 1089760035221 22
7 1089760035222 24
7 1089760035223 40
7 1089760035224 125
7 1089760035225 88
7 1089760035226 14
7 1089760035227 32
7 1089760035228 341
7 1089760035229 29
7 1089760035230 24
7 1089760035231 24
7 1089760035456 24
7 1089760035457 25
7 1089760035458 74
7 1089760035459 27
7 1089760035460 155
7 1089760035461 18
7 1089760035462 24
7 1089760035463 111
7 1089760035464 34
7 1089760035465 22
7 1089760035466 26
7 1089760035467 56
7 1089760035468 26
7 1089760035469 79
7 1089760035470 28
7 1089760035471 30
7 1089760035696 28
7 1089760035697 30
7 1089760035698 40
7 1089760035699 85
7 1089760035700 26
7 1089760035701 94
7 1089760035702 29
7 1089760035703 69
7 1089760035704 21
7 1089760035705 107
7 1089760035706 27
7 1089760035707 22
7 1089760035708 49
7 1089760035709 30
7 1089760035710 30
7 1089760035711 22
7 1089760035936 18
7 1089760035937 50
7 1089760035938 96
7 1089760035939 22
7 1089760035940 51
7 1089760035941 22
7 1089760035942 333
7 1089760035943 21
7 1089760035944 32
7 1089760035945 116
7 1089760035946 36
7 1089760035947 139
7 1089760035948 192
7 1089760035949 61
7 1089760035950 33
7 1089760035951 184
7 1089760036176 123
7 1089760036177 28
7 1089760036178 136
7 1089760036179 35
7 1089760036180 24
7 1089760036181 47
7 1089760036182 56
7 1089760036183 359
7 1089760036184 106
7 1089760036185 90
7 1089760036186 191
7 1089760036187 24
7 1089760036188 20
7 1089760036189 119
7 1089760036190 37
7 1089760036191 32
7 1089760036880 32
7 1089760036881 22
7 1089760036882 30
7 1089760036883 66
7 1089760036884 30
7 1089760036885 20
7 1089760036886 20
7 1089760036887 28
7 1089760036888 24
7 1089760036889 229
7 1089760036890 152
7 1089760036891 32
7 1089760036892 27
7 1089760036893 75
7 1089760036894 16
7 1089760036895 32
7 1089760037056 16
7 1089760037057 195
7 1089760037058 34
7 1089760037059 99
7 1089760037060 14
7 1089760037061 80
7 1089760037062 28
7 1089760037063 204
7 1089760037064 45
7 1089760037065 24
7 1089760037066 48
7 1089760037067 277
7 1089760037068 20
7 1089760037069 28
7 1089760037070 234
7 1089760037071 29
7 1089760037328 52
7 1089760037329 81
7 1089760037330 37
7 1089760037331 47
7 1089760037332 40
7 1089760037333 212
7 1089760037334 36
7 1089760037335 174
7 1089760037336 48
7 1089760037337 31
7 1089760037338 269
7 1089760037339 49
7 1089760037340 41
7 1089760037341 41
7 1089760037342 716
7 1089760037343 236
7 1089760037344 32
7 1089760037345 175
7 1089760037346 105
7 1089760037347 750
7 1089760037348 28
7 1089760037349 20
7 1089760037350 64
7 1089760037351 32
7 1089760037352 180
7 1089760037353 53
7 1089760037354 54
7 1089760037355 281
7 1089760037356 24
7 1089760037357 484
7 1089760037358 835
7 1089760037359 30
7 1089760037472 105
7 1089760037473 31
7 1089760037474 134
7 1089760037475 25
7 1089760037476 412
7 1089760037477 16
7 1089760037478 60
7 1089760037479 474
7 1089760037480 135
7 1089760037481 22
7 1089760037482 103
7 1089760037483 186
7 1089760037484 75
7 1089760037485 468
7 1089760037486 144
7 1089760037487 151
7 1089760037680 72
7 1089760037681 140
7 1089760037682 28
7 1089760037683 24
7 1089760037684 46
7 1089760037685 34
7 1089760037686 34
7 1089760037687 32
7 1089760037688 46
7 1089760037689 40
7 1089760037690 540
7 1089760037691 24
7 1089760037692 66
7 1089760037693 66
7 1089760037694 58
7 1089760037695 38
7 1089760038032 137
7 1089760038033 134
7 1089760038034 10
7 1089760038035 16
7 1089760038036 4
7 1089760038037 10
7 1089760038038 47
7 1089760038039 216
7 1089760038040 119
7 1089760038041 7
7 1089760038042 6
7 1089760038043 4
7 1089760038044 8
7 1089760038045 6
7 1089760038046 4
7 1089760038047 10
7 1089760038592 16
7 1089760038593 8
7 1089760038594 14
7 1089760038595 8
7 1089760038596 12
7 1089760038597 10
7 1089760038598 8
7 1089760038599 14
7 1089760038600 155
7 1089760038601 4
7 1089760038602 12
7 1089760038603 12
7 1089760038604 12
7 1089760038605 8
7 1089760038606 16
7 1089760038607 10
7 1089760038816 14
7 1089760038817 8
7 1089760038818 29
7 1089760038819 6
7 1089760038820 189
7 1089760038821 10
7 1089760038822 12
7 1089760038823 14
7 1089760038824 14
7 1089760038825 8
7 1089760038826 12
7 1089760038827 2
7 1089760038828 2
7 1089760038829 6
7 1089760038830 6
7 1089760038831 2
7 1089760038880 6
7 1089760038881 138
7 1089760038882 6
7 1089760038883 120
7 1089760038884 14
7 1089760038885 10
7 1089760038886 14
7 1089760038887 12
7 1089760038888 2
7 1089760038889 137
7 1089760038890 12
7 1089760038891 20
7 1089760038892 2
7 1089760038893 8
7 1089760038894 12
7 1089760038895 151
7 1089760039390 126
7 1089760039391 64
7 1089760039392 12
7 1089760039393 239
7 1089760039394 24
7 1089760039395 393
7 1089760039396 247
7 1089760039397 27
7 1089760039398 103
7 1089760039399 154
7 1089760039400 19
7 1089760039401 248
7 1089760039402 1911
7 1089760039403 22
7 1089760039404 12
7 1089760039405 10
7 1089760039406 51
7 1089760039407 8
7 1089760039408 10
7 1089760039409 666
7 1089760039410 181
7 1089760039411 12
7 1089760039412 20
7 1089760039413 23
7 1089760039414 187
7 1089760039415 278
7 1089760039416 53
7 1089760039417 40
7 1089760039418 93
7 1089760039419 85
7 1089760039420 37
7 1089760039421 96
7 1089760039422 26
7 1089760039423 75
7 1089760039424 370
7 1089760039425 83
7 1089760039426 58
7 1089760039427 469
7 1089760039428 258
7 1089760039429 60
7 1089760039430 100
7 1089760039431 53
7 1089760039432 24
7 1089760039433 31
7 1089760039434 57
7 1089760039435 62
7 1089760039436 35
7 1089760039437 61
7 1089760039438 135
7 1089760039439 33
7 1089760039440 110
7 1089760040111 4
7 1089760040112 19
7 1089760040113 103
7 1089760040114 228
7 1089760040115 20
7 1089760040116 11
7 1089760040117 11
7 1089760040118 15
7 1089760040119 178
7 1089760040120 98
7 1089760040121 142
7 1089760040122 318
7 1089760040123 46
7 1089760040124 97
7 1089760040125 82
7 1089760040126 58
7 1089760040127 301
7 1089760040128 20
7 1089760040129 186
7 1089760040130 45
7 1089760040131 171
7 1089760040132 156
7 1089760040133 88
7 1089760040134 42
7 1089760040135 57
7 1089760040136 32
7 1089760040137 28
7 1089760040138 298
7 1089760040139 23
7 1089760040140 18
7 1089760040141 16
7 1089760040142 34
7 1089760040143 21
7 1089760040144 16
7 1089760040145 34
7 1089760040146 127
7 1089760040147 59
7 1089760040148 72
7 1089760040149 1371
7 1089760040150 42
7 1089760040151 91
7 1089760040152 37
7 1089760040153 9
7 1089760040154 20
7 1089760040155 189
7 1089760040156 315
7 1089760040157 42
7 1089760040821 10
7 1089760040822 27
7 1089760040823 20
7 1089760040824 147
7 1089760040825 121
7 1089760040826 15
7 1089760040827 214
7 1089760040828 614
7 1089760040829 54
7 1089760040830 11
7 1089760040831 41
7 1089760040832 447
7 1089760040833 17
7 1089760040834 73
7 1089760040835 35
7 1089760040836 733
7 1089760040837 21
7 1089760040838 33
7 1089760040839 614
7 1089760040840 17
7 1089760040841 17
7 1089760040842 16
7 1089760040843 627
7 1089760040844 10
7 1089760040845 11
7 1089760040846 18
7 1089760040847 25
7 1089760040848 18
7 1089760040849 171
7 1089760040850 14
7 1089760040851 207
7 1089760040852 27
7 1089760040853 54
7 1089760040854 85
7 1089760040855 374
7 1089760040856 22
7 1089760040857 99
7 1089760040858 88
7 1089760040859 463
7 1089760040860 105
7 1089760040861 31
7 1089760040862 14
7 1089760040863 16
7 1089760040864 258
7 1089760040865 68
7 1089760040866 22
7 1089760040867 32
7 1089760040868 56
7 1089760040869 167
7 1089760041535 1
7 1089760041536 82
7 1089760041537 30
7 1089760041538 324
7 1089760041539 42
7 1089760041540 37
7 1089760041541 93
7 1089760041542 3
7 1089760041543 68
7 1089760041544 304
7 1089760041545 71
7 1089760041546 30
7 1089760041547 313
7 1089760041548 12
7 1089760041549 187
7 1089760041550 29
7 1089760041551 28
7 1089760041552 25
7 1089760041553 5
7 1089760041554 283
7 1089760041555 68
7 1089760041556 170
7 1089760041557 124
7 1089760041558 180
7 1089760041559 14
7 1089760041560 11
7 1089760041561 20
7 1089760041562 15
7 1089760041563 24
7 1089760041564 112
7 1089760041565 152
7 1089760041566 89
7 1089760041567 3
7 1089760041568 19
7 1089760041569 8
7 1089760041570 288
7 1089760041571 145
7 1089760041572 212
7 1089760041573 414
7 1089760041574 112
7 1089760041575 8
7 1089760041576 20
7 1089760041577 60
7 1089760041578 451
7 1089760041579 14
7 1089760041580 15
7 1089760041581 38
7 1089760041582 5
7 1089760041583 25
7 1089760041584 9
7 1089760042261 19
7 1089760042262 21
7 1089760042263 18
7 1089760042264 89
7 1089760042265 15
7 1089760042266 18
7 1089760042267 40
7 1089760042268 39
7 1089760042269 33
7 1089760042270 82
7 1089760042271 57
7 1089760042272 40
7 1089760042273 22
7 1089760042274 94
7 1089760042275 526
7 1089760042276 12
7 1089760042277 14
7 1089760042278 78
7 1089760042279 142
7 1089760042280 9
7 1089760042281 21
7 1089760042282 23
7 1089760042284 82
7 1089760042285 1179
7 1089760042286 166
7 1089760042287 21
7 1089760042288 169
7 1089760042289 86
7 1089760042290 233
7 1089760042291 17
7 1089760042292 17
7 1089760042293 34
7 1089760042294 16
7 1089760042295 20
7 1089760042296 1004
7 1089760042297 125
7 1089760042298 114
7 1089760042299 18
7 1089760042300 19
7 1089760042301 586
7 1089760042302 60
7 1089760042303 184
7 1089760042304 80
7 1089760042305 89
7 1089760042306 202
7 1089760042307 23
7 1089760042308 44
7 1089760042309 28
7 1089760042310 38
7 1089760042311 2
7 1089760042991 8
7 1089760042992 18
7 1089760042993 81
7 1089760042994 239
7 1089760042995 131
7 1089760042996 196
7 1089760042997 48
7 1089760042998 294
7 1089760042999 34
7 1089760043000 13
7 1089760043001 22
7 1089760043002 25
7 1089760043003 52
7 1089760043004 66
7 1089760043005 12
7 1089760043006 185
7 1089760043007 22
7 1089760043008 61
7 1089760043009 55
7 1089760043010 26
7 1089760043011 41
7 1089760043012 24
7 1089760043013 16
7 1089760043014 107
7 1089760043015 219
7 1089760043016 15
7 1089760043017 23
7 1089760043018 205
7 1089760043019 89
7 1089760043020 192
7 1089760043021 42
7 1089760043022 33
7 1089760043023 141
7 1089760043024 21
7 1089760043025 23
7 1089760043026 25
7 1089760043027 76
7 1089760043028 90
7 1089760043029 38
7 1089760043030 63
7 1089760043031 23
7 1089760043032 30
7 1089760043033 22
7 1089760043034 26
7 1089760043035 185
7 1089760043036 30
7 1089760043037 186
7 1089760043038 288
7 1089760043039 28
7 1089760045106 11
7 1089760045107 66
7 1089760045108 19
7 1089760045109 8
7 1089760045110 21
7 1089760045111 13
7 1089760045112 14
7 1089760045113 115
7 1089760045114 28
7 1089760045115 471
7 1089760045116 10
7 1089760045117 182
7 1089760045118 483
7 1089760045119 126
7 1089760045120 152
7 1089760045121 25
7 1089760045122 27
7 1089760045123 7
7 1089760045124 11
7 1089760045125 37
7 1089760045126 8
7 1089760045127 30
7 1089760045128 15
7 1089760045129 548
7 1089760045130 40
7 1089760045131 259
7 1089760045132 197
7 1089760045133 10
7 1089760045134 20
7 1089760045135 770
7 1089760045136 256
7 1089760045137 34
7 1089760045138 20
7 1089760045139 54
7 1089760045140 14
7 1089760045141 20
7 1089760045142 12
7 1089760045143 25
7 1089760045144 276
7 1089760045145 571
7 1089760045146 703
7 1089760045147 7
7 1089760045148 22
7 1089760045149 26
7 1089760045150 24
7 1089760045151 18
7 1089760045152 49
7 1089760045153 177
7 1089760045154 108
7 1089760045635 112
7 1089760045636 12
7 1089760045637 16
7 1089760045638 39
7 1089760045639 15
7 1089760045640 28
7 1089760045641 173
7 1089760045642 14
7 1089760045643 14
7 1089760045644 273
7 1089760045645 25
7 1089760045646 23
7 1089760045648 18
7 1089760045649 180
7 1089760045650 4
7 1089760045651 5
7 1089760045652 146
7 1089760045653 66
7 1089760045654 46
7 1089760045655 8
7 1089760045656 10
7 1089760045657 18
7 1089760045658 19
7 1089760045659 24
7 1089760045660 64
7 1089760045661 22
7 1089760045662 314
7 1089760045663 28
7 1089760045664 81
7 1089760045665 21
7 1089760045666 41
7 1089760045667 39
7 1089760045668 28
7 1089760045669 12
7 1089760045670 17
7 1089760045671 17
7 1089760045672 15
7 1089760045673 141
7 1089760045674 12
7 1089760045675 24
7 1089760045676 56
7 1089760045677 32
7 1089760045678 144
7 1089760045679 176
7 1089760045680 28
7 1089760045681 358
7 1089760045682 14
7 1089760046452 8
7 1089760046453 111
7 1089760046454 2
7 1089760046455 69
7 1089760046456 41
7 1089760046457 31
7 1089760046458 140
7 1089760046459 8
7 1089760046460 951
7 1089760046461 103
7 1089760046462 128
7 1089760046463 13
7 1089760046464 153
7 1089760046465 29
7 1089760046466 48
7 1089760046467 65
7 1089760046468 15
7 1089760046469 18
7 1089760046470 13
7 1089760046471 86
7 1089760046472 18
7 1089760046473 19
7 1089760046474 205
7 1089760046475 136
7 1089760046476 56
7 1089760046477 17
7 1089760046478 23
7 1089760046479 28
7 1089760046480 16
7 1089760046481 32
7 1089760046482 11
7 1089760046483 112
7 1089760046484 22
7 1089760046485 340
7 1089760046486 138
7 1089760046487 87
7 1089760046488 30
7 1089760046489 30
7 1089760046490 13
7 1089760046491 25
7 1089760046492 16
7 1089760046493 29
7 1089760046494 34
7 1089760046495 100
7 1089760046496 206
7 1089760046497 23
7 1089760046498 11
7 1089760046499 557
7 1089760046500 108
7 1089760046501 12
7 1089760046502 28
7 1089760046503 22
7 1089760046504 302
7 1089760046505 19
7 1089760046506 19
7 1089760046507 168
7 1089760046508 8
7 1089760046509 11
7 1089760046510 33
7 1089760046511 76
7 1089760046512 53
7 1089760046513 22
7 1089760046514 38
7 1089760046515 20
7 1089760046516 7
7 1089760046517 3
7 1089760046518 301
7 1089760046519 18
7 1089760046520 138
7 1089760046521 109
7 1089760046522 65
7 1089760046523 6
7 1089760046524 21
7 1089760046525 24
7 1089760046526 203
7 1089760046527 94
7 1089760046528 15
7 1089760046529 28
7 1089760046530 138
7 1089760046531 182
7 1089760046532 19
7 1089760046533 39
7 1089760046534 20
7 1089760046535 50
7 1089760046536 13
7 1089760046537 234
7 1089760046538 155
7 1089760046539 19
7 1089760046540 244
7 1089760046541 29
7 1089760046542 123
7 1089760046543 158
7 1089760046544 41
7 1089760046545 371
7 1089760046546 56
7 1089760046547 61
7 1089760046548 21
7 1089760046549 30
7 1089760046887 14
7 1089760046888 152
7 1089760046889 523
7 1089760046890 22
7 1089760046891 17
7 1089760046892 158
7 1089760046893 137
7 1089760046894 146
7 1089760046895 118
7 1089760046896 141
7 1089760046897 23
7 1089760046898 86
7 1089760046899 38
7 1089760046900 6
7 1089760046901 122
7 1089760046902 57
7 1089760046903 15
7 1089760046904 191
7 1089760046905 13
7 1089760046906 136
7 1089760046907 18
7 1089760046908 20
7 1089760046909 282
7 1089760046910 18
7 1089760046911 165
7 1089760046912 171
7 1089760046913 40
7 1089760046914 196
7 1089760046915 147
7 1089760046916 50
7 1089760046917 181
7 1089760046918 805
7 1089760046919 10
7 1089760046920 23
7 1089760046921 20
7 1089760046922 23
7 1089760046923 18
7 1089760046924 20
7 1089760046925 19
7 1089760046926 1312
7 1089760046927 437
7 1089760046928 32
7 1089760046929 46
7 1089760046930 116
7 1089760046931 394
7 1089760046932 17
7 1089760046933 27
7 1089760046934 9
7 1089760047508 53
7 1089760047509 173
7 1089760047510 60
7 1089760047511 291
7 1089760047512 42
7 1089760047513 14
7 1089760047514 23
7 1089760047515 18
7 1089760047516 41
7 1089760047517 139
7 1089760047518 22
7 1089760047519 881
7 1089760047520 69
7 1089760047521 160
7 1089760047522 81
7 1089760047523 19
7 1089760047524 30
7 1089760047525 28
7 1089760047526 21
7 1089760047527 25
7 1089760047528 25
7 1089760047529 19
7 1089760047530 19
7 1089760047531 93
7 1089760047532 2319
7 1089760047533 157
7 1089760047534 14
7 1089760047535 693
7 1089760047536 90
7 1089760047537 52
7 1089760047538 59
7 1089760047539 195
7 1089760047540 156
7 1089760047541 21
7 1089760047542 334
7 1089760047543 5
7 1089760047544 95
7 1089760047545 189
7 1089760047546 111
7 1089760047547 142
7 1089760047548 89
7 1089760047549 17
7 1089760047550 28
7 1089760047551 23
7 1089760047552 1159
7 1089760047553 126
7 1089760047554 24
7 1089760047555 20
7 1089760047556 540
7 1089760047557 242
7 1089760047558 32
7 1089760048565 6
7 1089760048566 15
7 1089760048567 3
7 1089760048568 6
7 1089760048569 11
7 1089760048570 2
7 1089760048571 7
7 1089760048572 7
7 1089760048573 1780
7 1089760048574 10
7 1089760048575 9
7 1089760048577 10
7 1089760048578 8
7 1089760048579 25
7 1089760048580 5
7 1089760048581 20
7 1089760048582 6
7 1089760048583 16
7 1089760048584 5
7 1089760048585 11
7 1089760048586 14
7 1089760048587 15
7 1089760048588 6
7 1089760048590 9
7 1089760048593 240
7 1089760048595 8
7 1089760048596 1
7 1089760048597 141
7 1089760048598 10
7 1089760048599 4
7 1089760048601 9
7 1089760048603 3
7 1089760048605 8
7 1089760048606 3
7 1089760048609 189
7 1089760048610 6
7 1089760050246 9
7 1089760050247 8
7 1089760050248 6
7 1089760050249 9
7 1089760050250 10
7 1089760050251 90
7 1089760050252 156
7 1089760050253 6
7 1089760050254 3
7 1089760050256 94
7 1089760050257 9
7 1089760050258 1
7 1089760050259 6
7 1089760050260 16
7 1089760050261 9
7 1089760050262 12
7 1089760050264 15
7 1089760050265 8
7 1089760050266 223
7 1089760050267 4
7 1089760050268 45
7 1089760050269 6
7 1089760050270 14
7 1089760050271 9
7 1089760050272 18
7 1089760050273 4
7 1089760050274 11
7 1089760050277 12
7 1089760050278 10
7 1089760050279 8
7 1089760050280 9
7 1089760050281 13
7 1089760050282 1
7 1089760050283 172
7 1089760050284 13
7 1089760050286 6
7 1089760050287 5
7 1089760050288 6
7 1089760050289 11
7 1089760050290 9
7 1089760050291 7
7 1089760050292 2
7 1089760050293 4
7 1089760050914 10
7 1089760050915 11
7 1089760050916 140
7 1089760050917 11
7 1089760050919 4
7 1089760050920 10
7 1089760050921 15
7 1089760050923 4
7 1089760050924 4
7 1089760050925 17
7 1089760050926 11
7 1089760050927 5
7 1089760050928 8
7 1089760050929 15
7 1089760050930 24
7 1089760050931 16
7 1089760050932 6
7 1089760050933 9
7 1089760050934 5
7 1089760050935 8
7 1089760050936 20
7 1089760050937 143
7 1089760050938 153
7 1089760050939 16
7 1089760050940 11
7 1089760050941 257
7 1089760050942 5
7 1089760050944 18
7 1089760050945 6
7 1089760050946 4
7 1089760050947 4
7 1089760050950 5
7 1089760050953 3
7 1089760050955 3
7 1089760050956 7
7 1089760050957 5
7 1089760050958 5
7 1089760050959 19
7 1089760050961 6
7 1089760051104 12
7 1089760051105 9
7 1089760051106 5
7 1089760051107 13
7 1089760051108 16
7 1089760051109 4
7 1089760051110 7
7 1089760051111 8
7 1089760051112 15
7 1089760051113 7
7 1089760051114 4
7 1089760051115 15
7 1089760051116 5
7 1089760051117 123
7 1089760051118 10
7 1089760051119 65
7 1089760051120 8
7 1089760051121 12
7 1089760051122 14
7 1089760051123 21
7 1089760051124 8
7 1089760051125 3
7 1089760051126 10
7 1089760051127 5
7 1089760051128 5
7 1089760051130 10
7 1089760051131 6
7 1089760051132 12
7 1089760051133 12
7 1089760051134 5
7 1089760051136 10
7 1089760051137 23
7 1089760051138 8
7 1089760051139 10
7 1089760051140 3
7 1089760051144 13
7 1089760051145 6
7 1089760051146 7
7 1089760051147 6
7 1089760051148 7
7 1089760051149 14
7 1089760051150 5
7 1089760051151 10
7 1089760051152 3
7 1089760051220 4
7 1089760051221 4
7 1089760051250 4
7 1089760051251 4
7 1089760051280 4
7 1089760051281 4
7 1089760051310 4
7 1089760051311 4
7 1089760051340 4
7 1089760051341 4
7 1089760051370 4
7 1089760051371 4
7 1089760051458 4
7 1089760051459 4
7 1089760051480 4
7 1089760051481 4
7 1089760051514 4
7 1089760051515 4
7 1089760051516 4
7 1089760051517 4
7 1089760051532 4
7 1089760051533 4
7 1089760051558 114
7 1089760051559 27
7 1089760051602 4
7 1089760051603 4
7 1089760051672 4
7 1089760051673 26
7 1089760051700 4
7 1089760051701 4
7 1089760051708 4
7 1089760051709 4
7 1089760051712 18
7 1089760051713 640
7 1089760051714 28
7 1089760051715 30
7 1089760051716 20
7 1089760051717 49
7 1089760051718 52
7 1089760051719 203
7 1089760051720 342
7 1089760051721 513
7 1089760051722 126
7 1089760051723 34
7 1089760051724 73
7 1089760051725 26
7 1089760051726 131
7 1089760051727 53
7 1089760051728 187
7 1089760051729 120
7 1089760051730 55
7 1089760051731 84
7 1089760051732 33
7 1089760051733 86
7 1089760051734 49
7 1089760051735 55
7 1089760051736 149
7 1089760051737 34
7 1089760051738 45
7 1089760051739 23
7 1089760051740 162
7 1089760051741 176
7 1089760051742 183
7 1089760051743 137
7 1089760051744 305
7 1089760051745 314
7 1089760051746 118
7 1089760051747 62
7 1089760051748 320
7 1089760051749 172
7 1089760051750 98
7 1089760051751 1687
7 1089760051752 37
7 1089760051753 24
7 1089760051754 21
7 1089760051755 234
7 1089760051756 958
7 1089760051757 45
7 1089760051758 115
7 1089760051759 44
7 1089760051760 61
7 1089760051761 227
7 1089760051762 320
7 1089760051763 37
7 1089760051764 163
7 1089760051765 29
7 1089760051766 1254
7 1089760051767 131
7 1089760051768 28
7 1089760051769 66
7 1089760051770 339
7 1089760051771 110
7 1089760051772 328
7 1089760051773 25
7 1089760051774 25
7 1089760051775 199
7 1089760051776 574
7 1089760051777 31
7 1089760051778 143
7 1089760051779 1548
7 1089760051780 625
7 1089760051781 780
7 1089760051782 33
7 1089760051783 137
7 1089760051784 234
7 1089760051785 45
7 1089760051786 23
7 1089760051787 30
7 1089760051788 18
7 1089760051789 24
7 1089760051790 40
7 1089760051791 20
7 1089760051792 70
7 1089760051793 949
7 1089760051794 88
7 1089760051795 19
7 1089760051796 76
7 1089760051797 79
7 1089760051798 156
7 1089760051799 31
7 1089760051800 141
7 1089760051801 22
7 1089760051802 703
7 1089760051803 183
7 1089760051804 59
7 1089760051805 367
7 1089760051806 87
7 1089760051807 26
7 1089760051808 106
7 1089760051809 84
7 1089760051810 69
7 1089760051811 162
7 1089760051812 20
7 1089760051813 35
7 1089760051814 196
7 1089760051815 29
7 1089760051816 33
7 1089760051817 598
7 1089760051818 371
7 1089760051819 50
7 1089760051820 311
7 1089760051821 89
7 1089760051822 27
7 1089760051823 143
7 1089760051824 37
7 1089760051825 784
7 1089760051826 237
7 1089760051827 366
7 1089760051828 392
7 1089760051829 363
7 1089760051830 49
7 1089760051831 83
7 1089760051832 271
7 1089760051833 695
7 1089760051834 123
7 1089760051835 109
7 1089760051836 44
7 1089760051837 338
7 1089760051838 149
7 1089760051839 326
7 1089760051840 394
7 1089760051841 221
7 1089760051842 191
7 1089760051843 68
7 1089760051844 67
7 1089760051845 13
7 1089760051846 34
7 1089760051847 41
7 1089760051848 24
7 1089760051849 37
7 1089760051850 29
7 1089760051851 48
7 1089760051852 244
7 1089760051853 67
7 1089760051854 29
7 1089760051855 664
7 1089760051856 131
7 1089760051857 59
7 1089760051858 249
7 1089760051859 37
7 1089760051860 159
7 1089760051861 37
7 1089760051862 63
7 1089760051863 27
7 1089760051864 173
7 1089760051865 199
7 1089760051866 66
7 1089760051867 196
7 1089760051868 566
7 1089760051869 62
7 1089760051870 53
7 1089760051871 259
7 1089760051872 57
7 1089760051873 33
7 1089760051874 28
7 1089760051875 42
7 1089760051876 30
7 1089760051877 33
7 1089760051878 411
7 1089760051879 223
7 1089760051880 23
7 1089760051881 72
7 1089760051882 227
7 1089760051883 31
7 1089760051884 656
7 1089760051885 31
7 1089760051886 96
7 1089760051887 215
7 1089760051888 25
7 1089760051889 511
7 1089760051890 191
7 1089760051891 159
7 1089760051892 31
7 1089760051893 189
7 1089760051894 38
7 1089760051895 346
7 1089760051896 23
7 1089760051897 29
7 1089760051898 102
7 1089760051899 112
7 1089760051900 26
7 1089760051901 170
7 1089760051902 21
7 1089760051903 176
7 1089760051904 178
7 1089760051905 124
7 1089760051906 784
7 1089760051907 350
7 1089760051908 65
7 1089760051909 112
7 1089760051910 179
7 1089760051911 545
7 1089760051912 168
7 1089760051913 104
7 1089760051914 27
7 1089760051915 26
7 1089760051916 26
7 1089760051917 76
7 1089760051918 67
7 1089760051919 39
7 1089760051920 415
7 1089760051921 26
7 1089760051922 265
7 1089760051923 155
7 1089760051924 59
7 1089760051925 101
7 1089760051926 986
7 1089760051927 210
7 1089760051928 812
7 1089760051929 46
7 1089760051930 238
7 1089760051931 43
7 1089760051932 324
7 1089760051933 30
7 1089760051934 29
7 1089760051935 360
7 1089760051936 88
7 1089760051937 22
7 1089760051938 20
7 1089760051939 193
7 1089760051940 351
7 1089760051941 31
7 1089760051942 736
7 1089760051943 19
7 1089760051944 82
7 1089760051945 96
7 1089760051946 213
7 1089760051947 47
7 1089760051948 53
7 1089760051949 527
7 1089760051950 534
7 1089760051951 24
7 1089760051952 236
7 1089760051953 20
7 1089760051954 267
7 1089760051955 173
7 1089760051956 170
7 1089760051957 74
7 1089760051958 209
7 1089760051959 34
7 1089760051960 106
7 1089760051961 28
7 1089760051962 68
7 1089760051963 160
7 1089760051964 25
7 1089760051965 39
7 1089760051966 142
7 1089760051967 267
7 1089760051968 217
7 1089760051969 147
7 1089760051970 55
7 1089760051971 27
7 1089760051972 34
7 1089760051973 26
7 1089760051974 302
7 1089760051975 50
7 1089760051976 29
7 1089760051977 209
7 1089760051978 159
7 1089760051979 72
7 1089760051980 220
7 1089760051981 35
7 1089760051982 73
7 1089760051983 1577
7 1089760051984 74
7 1089760051985 21
7 1089760051986 38
7 1089760051987 31
7 1089760051988 29
7 1089760051989 267
7 1089760051990 440
7 1089760051991 910
7 1089760051992 83
7 1089760051993 413
7 1089760051994 94
7 1089760051995 31
7 1089760051996 290
7 1089760051997 203
7 1089760051998 31
7 1089760051999 43
7 1089760052000 23
7 1089760052001 136
7 1089760052002 214
7 1089760052003 29
7 1089760052004 22
7 1089760052005 27
7 1089760052006 149
7 1089760052007 39
7 1089760052008 565
7 1089760052009 47
7 1089760052010 202
7 1089760052011 167
7 1089760052012 208
7 1089760052013 40
7 1089760052014 31
7 1089760052015 665
7 1089760052016 448
7 1089760052017 162
7 1089760052018 171
7 1089760052019 122
7 1089760052020 82
7 1089760052021 315
7 1089760052022 35
7 1089760052023 24
7 1089760052024 54
7 1089760052025 168
7 1089760052026 39
7 1089760052027 191
7 1089760052028 199
7 1089760052029 136
7 1089760052030 40
7 1089760052031 46
7 1089760052032 59
7 1089760052033 41
7 1089760052034 17
7 1089760052035 339
7 1089760052036 109
7 1089760052037 268
7 1089760052038 269
7 1089760052039 18
7 1089760052040 121
7 1089760052041 84
7 1089760052042 258
7 1089760052043 41
7 1089760052044 104
7 1089760052045 666
7 1089760052046 130
7 1089760052047 59
7 1089760052048 310
7 1089760052049 26
7 1089760052050 151
7 1089760052051 47
7 1089760052052 174
7 1089760052053 32
7 1089760052054 21
7 1089760052055 27
7 1089760052056 25
7 1089760052057 23
7 1089760052058 39
7 1089760052059 516
7 1089760052060 24
7 1089760052061 163
7 1089760052062 40
7 1089760052063 234
7 1089760052064 32
7 1089760052065 26
7 1089760052066 32
7 1089760052067 47
7 1089760052068 22
7 1089760052069 30
7 1089760052070 48
7 1089760052071 55
7 1089760052072 46
7 1089760052073 42
7 1089760052074 129
7 1089760052075 55
7 1089760052076 291
7 1089760052077 60
7 1089760052078 139
7 1089760052079 43
7 1089760052080 36
7 1089760052081 25
7 1089760052082 22
7 1089760052083 250
7 1089760052084 15
7 1089760052085 28
7 1089760052086 319
7 1089760052087 42
7 1089760052088 45
7 1089760052089 250
7 1089760052090 40
7 1089760052091 29
7 1089760052092 47
7 1089760052093 132
7 1089760052094 26
7 1089760052095 400
7 1089760052096 257
7 1089760052097 28
7 1089760052098 25
7 1089760052099 42
7 1089760052100 460
7 1089760052101 38
7 1089760052102 24
7 1089760052103 36
7 1089760052104 88
7 1089760052105 241
7 1089760052106 55
7 1089760052107 26
7 1089760052108 221
7 1089760052109 271
7 1089760052110 28
7 1089760052111 31
7 1089760052112 110
7 1089760052113 104
7 1089760052114 45
7 1089760052115 23
7 1089760052116 63
7 1089760052117 19
7 1089760052118 315
7 1089760052119 251
7 1089760052120 157
7 1089760052121 30
7 1089760052122 49
7 1089760052123 171
7 1089760052124 819
7 1089760052125 26
7 1089760052126 334
7 1089760052127 53
7 1089760052128 192
7 1089760052129 28
7 1089760052130 102
7 1089760052131 91
7 1089760052132 657
7 1089760052133 442
7 1089760052134 38
7 1089760052135 125
7 1089760052136 319
7 1089760052137 710
7 1089760052138 23
7 1089760052139 34
7 1089760052140 36
7 1089760052141 25
7 1089760052142 36
7 1089760052143 407
7 1089760052144 37
7 1089760052145 37
7 1089760052146 117
7 1089760052147 140
7 1089760052148 85
7 1089760052149 46
7 1089760052150 148
7 1089760052151 39
7 1089760052152 107
7 1089760052153 36
7 1089760052154 27
7 1089760052155 29
7 1089760052156 150
7 1089760052157 362
7 1089760052158 50
7 1089760052159 614
7 1089760052160 30
7 1089760052161 163
7 1089760052162 21
7 1089760052163 1240
7 1089760052164 25
7 1089760052165 243
7 1089760052166 32
7 1089760052167 326
7 1089760052168 137
7 1089760052169 114
7 1089760052170 142
7 1089760052171 67
7 1089760052172 53
7 1089760052173 22
7 1089760052174 468
7 1089760052175 34
7 1089760052176 381
7 1089760052177 24
7 1089760052178 127
7 1089760052179 37
7 1089760052180 58
7 1089760052181 193
7 1089760052182 112
7 1089760052183 1245
7 1089760052184 188
7 1089760052185 709
7 1089760052186 30
7 1089760052187 41
7 1089760052188 33
7 1089760052189 452
7 1089760052190 29
7 1089760052191 19
7 1089760052192 317
7 1089760052193 192
7 1089760052194 23
7 1089760052195 163
7 1089760052196 27
7 1089760052197 141
7 1089760052198 279
7 1089760052199 47
7 1089760052200 60
7 1089760052201 216
7 1089760052202 168
7 1089760052203 24
7 1089760052204 177
7 1089760052205 96
7 1089760052206 28
7 1089760052207 23
7 1089760052208 29
7 1089760052209 35
7 1089760052210 293
7 1089760052211 139
7 1089760052212 55
7 1089760052213 23
7 1089760052214 39
7 1089760052215 39
7 1089760052216 222
7 1089760052217 37
7 1089760052218 37
7 1089760052219 58
7 1089760052220 745
7 1089760052221 184
7 1089760052222 33
7 1089760052223 465
7 1089760052304 19
7 1089760052305 30
7 1089760052306 29
7 1089760052307 16
7 1089760052308 20
7 1089760052309 176
7 1089760052310 76
7 1089760052311 73
7 1089760052424 41
7 1089760052425 19
7 1089760052426 18
7 1089760052427 359
7 1089760052428 99
7 1089760052429 473
7 1089760052430 16
7 1089760052431 370
7 1089760052544 12
7 1089760052545 13
7 1089760052546 13
7 1089760052547 15
7 1089760052548 47
7 1089760052549 37
7 1089760052550 64
7 1089760052551 106
7 1089760052664 270
7 1089760052665 11
7 1089760052666 16
7 1089760052667 97
7 1089760052668 177
7 1089760052669 15
7 1089760052670 15
7 1089760052671 123
7 1089760052784 316
7 1089760052785 103
7 1089760052786 11
7 1089760052787 21
7 1089760052788 35
7 1089760052789 33
7 1089760052790 19
7 1089760052791 15
7 1089760052904 60
7 1089760052905 17
7 1089760052906 14
7 1089760052907 209
7 1089760052908 122
7 1089760052909 32
7 1089760052910 17
7 1089760052911 171
7 1089760053256 17
7 1089760053257 14
7 1089760053258 158
7 1089760053259 16
7 1089760053260 28
7 1089760053261 18
7 1089760053262 15
7 1089760053263 16
7 1089760053344 19
7 1089760053345 148
7 1089760053346 7
7 1089760053347 14
7 1089760053348 19
7 1089760053349 337
7 1089760053350 349
7 1089760053351 15
7 1089760053480 13
7 1089760053481 130
7 1089760053482 53
7 1089760053483 27
7 1089760053484 65
7 1089760053485 251
7 1089760053486 19
7 1089760053487 20
7 1089760053488 40
7 1089760053489 446
7 1089760053490 12
7 1089760053491 79
7 1089760053492 101
7 1089760053493 180
7 1089760053494 15
7 1089760053495 25
7 1089760053552 16
7 1089760053553 63
7 1089760053554 179
7 1089760053555 9
7 1089760053556 9
7 1089760053557 18
7 1089760053558 24
7 1089760053559 22
7 1089760053656 59
7 1089760053657 15
7 1089760053658 18
7 1089760053659 18
7 1089760053660 20
7 1089760053661 381
7 1089760053662 14
7 1089760053663 50
7 1089760053832 7
7 1089760053833 7
7 1089760053834 1
7 1089760053835 3
7 1089760053836 1
7 1089760053837 1
7 1089760053838 2
7 1089760053839 3
7 1089760054112 4
7 1089760054113 5
7 1089760054114 5
7 1089760054115 175
7 1089760054116 4
7 1089760054117 6
7 1089760054118 3
7 1089760054119 6
7 1089760054224 5
7 1089760054225 4
7 1089760054226 7
7 1089760054227 5
7 1089760054228 4
7 1089760054229 2
7 1089760054230 1
7 1089760054256 2
7 1089760054258 4
7 1089760054259 6
7 1089760054261 8
7 1089760054263 2
8 1089760034944 2
8 1089760034945 6
8 1089760034946 4
8 1089760034947 4
8 1089760034949 2
8 1089760034950 6
8 1089760034952 2
8 1089760034953 2
8 1089760034954 4
8 1089760034955 8
8 1089760034956 2
8 1089760035184 2
8 1089760035185 6
8 1089760035186 4
8 1089760035187 4
8 1089760035188 2
8 1089760035190 2
8 1089760035191 6
8 1089760035192 2
8 1089760035193 6
8 1089760035194 4
8 1089760035197 2
8 1089760035198 27
8 1089760035424 4
8 1089760035425 2
8 1089760035426 2
8 1089760035429 2
8 1089760035430 4
8 1089760035431 85
8 1089760035432 4
8 1089760035433 2
8 1089760035435 2
8 1089760035436 2
8 1089760035437 6
8 1089760035438 2
8 1089760035439 6
8 1089760035665 6
8 1089760035666 2
8 1089760035667 6
8 1089760035668 4
8 1089760035670 2
8 1089760035671 2
8 1089760035672 4
8 1089760035673 4
8 1089760035674 2
8 1089760035676 2
8 1089760035678 2
8 1089760035679 2
8 1089760035905 4
8 1089760035906 4
8 1089760035907 4
8 1089760035908 2
8 1089760035909 2
8 1089760035910 2
8 1089760035911 4
8 1089760035912 4
8 1089760035913 4
8 1089760035914 2
8 1089760035915 2
8 1089760035916 2
8 1089760035917 2
8 1089760035918 2
8 1089760035919 4
8 1089760036144 2
8 1089760036145 8
8 1089760036146 2
8 1089760036148 6
8 1089760036149 2
8 1089760036150 2
8 1089760036151 4
8 1089760036152 2
8 1089760036154 2
8 1089760036155 4
8 1089760036156 2
8 1089760036157 4
8 1089760036158 29
8 1089760036159 4
8 1089760036257 2
8 1089760036261 4
8 1089760036262 4
8 1089760036263 2
8 1089760036264 2
8 1089760036265 4
8 1089760036267 2
8 1089760036268 2
8 1089760036269 2
8 1089760036270 2
8 1089760036271 2
8 1089760036336 6
8 1089760036337 4
8 1089760036338 4
8 1089760036339 2
8 1089760036340 4
8 1089760036341 4
8 1089760036342 2
8 1089760036343 4
8 1089760036344 2
8 1089760036345 6
8 1089760036346 2
8 1089760036347 2
8 1089760036348 2
8 1089760036350 4
8 1089760036512 4
8 1089760036516 296
8 1089760036517 2
8 1089760036518 4
8 1089760036519 8
8 1089760036520 4
8 1089760036521 4
8 1089760036522 2
8 1089760036523 2
8 1089760036524 68
8 1089760036525 2
8 1089760036545 4
8 1089760036546 6
8 1089760036547 6
8 1089760036548 4
8 1089760036549 4
8 1089760036550 89
8 1089760036551 2
8 1089760036552 2
8 1089760036553 4
8 1089760036554 2
8 1089760036555 6
8 1089760036556 2
8 1089760036557 103
8 1089760036558 4
8 1089760036559 2
8 1089760037201 4
8 1089760037203 2
8 1089760037205 20
8 1089760037206 2
8 1089760037208 6
8 1089760037209 2
8 1089760037210 2
8 1089760037211 2
8 1089760037212 4
8 1089760037213 2
8 1089760037214 2
8 1089760037215 2
8 1089760037584 2
8 1089760037585 4
8 1089760037586 2
8 1089760037587 4
8 1089760037588 4
8 1089760037590 2
8 1089760037591 6
8 1089760037592 2
8 1089760037593 2
8 1089760037594 4
8 1089760037595 1197
8 1089760037596 4
8 1089760037597 192
8 1089760037599 2
8 1089760037752 2
8 1089760037811 2
8 1089760038418 2
8 1089760038546 2
8 1089760038739 2
8 1089760038743 2
8 1089760038746 2
8 1089760038748 2
8 1089760038829 2
8 1089760038830 4
8 1089760038866 2
8 1089760038869 2
8 1089760038877 2
8 1089760038878 2
8 1089760038879 2
8 1089760039297 4
8 1089760039298 5
8 1089760039299 108
8 1089760039300 4
8 1089760039301 5
8 1089760039302 1
8 1089760039303 3
8 1089760039305 3
8 1089760039307 1
8 1089760039310 6
8 1089760039313 16
8 1089760039314 10
8 1089760039315 4
8 1089760039319 5
8 1089760039324 4
8 1089760039326 4
8 1089760039327 9
8 1089760039328 3
8 1089760039332 4
8 1089760040017 10
8 1089760040018 6
8 1089760040020 8
8 1089760040021 1
8 1089760040022 4
8 1089760040023 4
8 1089760040025 3
8 1089760040026 2
8 1089760040027 4
8 1089760040033 7
8 1089760040035 1
8 1089760040036 3
8 1089760040037 3
8 1089760040038 2
8 1089760040040 4
8 1089760040041 2
8 1089760040043 3
8 1089760040045 2
8 1089760040047 3
8 1089760040056 4
8 1089760040059 51
8 1089760040729 14
8 1089760040733 7
8 1089760040735 2
8 1089760040745 1
8 1089760040746 14
8 1089760040747 1
8 1089760040748 16
8 1089760040750 63
8 1089760040751 6
8 1089760040752 4
8 1089760040753 2
8 1089760040754 5
8 1089760040758 164
8 1089760040763 2
8 1089760040766 5
8 1089760040767 5
8 1089760040769 4
8 1089760040771 142
8 1089760040772 7
8 1089760040773 9
8 1089760040774 1
8 1089760040775 4
8 1089760041440 1
8 1089760041441 1
8 1089760041442 3
8 1089760041443 53
8 1089760041445 4
8 1089760041447 1
8 1089760041448 3
8 1089760041449 7
8 1089760041450 11
8 1089760041456 3
8 1089760041459 6
8 1089760041462 3
8 1089760041463 3
8 1089760041464 9
8 1089760041465 3
8 1089760041466 4
8 1089760041468 5
8 1089760041474 3
8 1089760041480 121
8 1089760041481 4
8 1089760041484 3
8 1089760042172 3
8 1089760042173 2
8 1089760042174 5
8 1089760042175 8
8 1089760042178 6
8 1089760042180 3
8 1089760042185 3
8 1089760042187 3
8 1089760042188 2
8 1089760042189 4
8 1089760042190 4
8 1089760042191 94
8 1089760042194 7
8 1089760042195 3
8 1089760042199 4
8 1089760042200 2
8 1089760042201 2
8 1089760042207 2
8 1089760042210 4
8 1089760042211 4
8 1089760042213 4
8 1089760042897 4
8 1089760042898 7
8 1089760042899 6
8 1089760042900 9
8 1089760042903 2
8 1089760042907 8
8 1089760042909 2
8 1089760042911 6
8 1089760042913 6
8 1089760042916 6
8 1089760042921 5
8 1089760042925 5
8 1089760042928 2
8 1089760042929 3
8 1089760042933 6
8 1089760042935 13
8 1089760042937 3
8 1089760042939 5
8 1089760042942 72
8 1089760043236 3
8 1089760043245 2
8 1089760043246 8
8 1089760043249 3
8 1089760043250 6
8 1089760043254 6
8 1089760043256 6
8 1089760043258 2
8 1089760043259 6
8 1089760043265 8
8 1089760043269 3
8 1089760043270 6
8 1089760043273 4
8 1089760043276 4
8 1089760043469 5
8 1089760043470 6
8 1089760043471 1
8 1089760043472 9
8 1089760043475 6
8 1089760043476 7
8 1089760043480 6
8 1089760043482 5
8 1089760043483 2
8 1089760043484 3
8 1089760043486 8
8 1089760043487 2
8 1089760043488 3
8 1089760043490 4
8 1089760043491 2
8 1089760043492 7
8 1089760043495 6
8 1089760043496 3
8 1089760043497 5
8 1089760043498 6
8 1089760043499 2
8 1089760043500 2
8 1089760043504 3
8 1089760043506 3
8 1089760043511 3
8 1089760043512 2
8 1089760043513 3
8 1089760043998 1
8 1089760043999 4
8 1089760044011 3
8 1089760044013 2
8 1089760044014 2
8 1089760044016 6
8 1089760044017 3
8 1089760044020 8
8 1089760044021 9
8 1089760044022 1
8 1089760044023 4
8 1089760044025 2
8 1089760044026 6
8 1089760044027 5
8 1089760044033 2
8 1089760044035 3
8 1089760044037 3
8 1089760044098 2
8 1089760044099 6
8 1089760044100 5
8 1089760044101 7
8 1089760044103 2
8 1089760044104 3
8 1089760044106 5
8 1089760044108 2
8 1089760044109 11
8 1089760044111 5
8 1089760044112 3
8 1089760044114 9
8 1089760044115 2
8 1089760044118 2
8 1089760044119 4
8 1089760044121 2
8 1089760044123 87
8 1089760044125 4
8 1089760044127 8
8 1089760044128 1
8 1089760044130 7
8 1089760044131 5
8 1089760044132 6
8 1089760044133 6
8 1089760044134 6
8 1089760044136 2
8 1089760044137 4
8 1089760046071 1
8 1089760046072 4
8 1089760046076 5
8 1089760046082 5
8 1089760046083 2
8 1089760046085 2
8 1089760046091 5
8 1089760046092 2
8 1089760046094 5
8 1089760046097 1
8 1089760046099 2
8 1089760046102 2
8 1089760046103 4
8 1089760046105 3
8 1089760046106 9
8 1089760046110 2
8 1089760046112 4
8 1089760046114 326
8 1089760047223 2
8 1089760047224 2
8 1089760047227 4
8 1089760047228 1
8 1089760047229 3
8 1089760047233 2
8 1089760047234 5
8 1089760047235 4
8 1089760047236 6
8 1089760047240 4
8 1089760047245 1
8 1089760047246 5
8 1089760047247 3
8 1089760047249 2
8 1089760047254 5
8 1089760047255 10
8 1089760047258 6
8 1089760047259 1
8 1089760047260 5
8 1089760047262 4
8 1089760047271 4
8 1089760047730 8
8 1089760047908 1
8 1089760049721 6
8 1089760050107 5
8 1089760050687 4
8 1089760050698 2
8 1089760050706 5
8 1089760050713 3
8 1089760050955 3
8 1089760050956 7
8 1089760050959 10
8 1089760051062 4
8 1089760051074 7
8 1089760051096 2
8 1089760051099 4
8 1089760051103 6
8 1089760051216 4
8 1089760051217 4
8 1089760051246 4
8 1089760051247 4
8 1089760051276 4
8 1089760051277 4
8 1089760051306 4
8 1089760051307 4
8 1089760051336 4
8 1089760051337 4
8 1089760051366 4
8 1089760051367 4
8 1089760051380 4
8 1089760051381 4
8 1089760051390 4
8 1089760051391 4
8 1089760051412 4
8 1089760051413 4
8 1089760051416 4
8 1089760051417 4
8 1089760051498 4
8 1089760051499 4
8 1089760051546 4
8 1089760051547 4
8 1089760051566 4
8 1089760051567 4
8 1089760051574 4
8 1089760051575 4
8 1089760051606 4
8 1089760051607 4
8 1089760051626 4
8 1089760051627 4
8 1089760051644 4
8 1089760051645 4
8 1089760051650 4
8 1089760051651 4
8 1089760051658 4
8 1089760051659 4
8 1089760051666 4
8 1089760051667 4
8 1089760051690 4
8 1089760051691 4
8 1089760051700 4
8 1089760051701 4
8 1089760051706 4
8 1089760051707 4
8 1089760051712 3
8 1089760051713 1
8 1089760051714 4
8 1089760051715 1
8 1089760051716 1
8 1089760051717 1
8 1089760051718 2
8 1089760051719 5
8 1089760051720 2
8 1089760051721 2
8 1089760051722 2
8 1089760051724 2
8 1089760051725 1
8 1089760051726 1
8 1089760051727 1
8 1089760051728 5
8 1089760051729 1
8 1089760051730 4
8 1089760051731 1
8 1089760051732 4
8 1089760051733 7
8 1089760051734 1
8 1089760051735 6
8 1089760051736 5
8 1089760051737 1
8 1089760051738 1
8 1089760051739 7
8 1089760051740 1
8 1089760051741 1
8 1089760051742 2
8 1089760051743 1
8 1089760051744 2
8 1089760051745 6
8 1089760051746 2
8 1089760051747 5
8 1089760051748 1
8 1089760051749 1
8 1089760051750 2
8 1089760051751 5
8 1089760051752 4
8 1089760051753 2
8 1089760051754 4
8 1089760051755 5
8 1089760051756 3
8 1089760051757 3
8 1089760051758 2
8 1089760051759 3
8 1089760051760 1
8 1089760051761 1
8 1089760051763 1
8 1089760051764 32
8 1089760051765 3
8 1089760051766 2
8 1089760051767 2
8 1089760051768 4
8 1089760051769 3
8 1089760051770 4
8 1089760051771 2
8 1089760051772 5
8 1089760051773 3
8 1089760051774 3
8 1089760051775 3
8 1089760051776 1
8 1089760051777 2
8 1089760051778 3
8 1089760051779 2
8 1089760051780 4
8 1089760051781 4
8 1089760051782 4
8 1089760051783 2
8 1089760051784 2
8 1089760051785 4
8 1089760051786 3
8 1089760051787 2
8 1089760051788 1
8 1089760051789 2
8 1089760051790 2
8 1089760051791 6
8 1089760051792 1
8 1089760051793 2
8 1089760051794 3
8 1089760051795 4
8 1089760051796 2
8 1089760051797 2
8 1089760051798 5
8 1089760051799 4
8 1089760051800 2
8 1089760051801 2
8 1089760051802 4
8 1089760051804 1
8 1089760051805 1
8 1089760051806 2
8 1089760051807 3
8 1089760051808 5
8 1089760051809 2
8 1089760051810 2
8 1089760051811 5
8 1089760051812 5
8 1089760051813 1
8 1089760051814 1
8 1089760051816 3
8 1089760051817 2
8 1089760051820 1
8 1089760051821 2
8 1089760051822 1
8 1089760051823 7
8 1089760051824 1
8 1089760051825 2
8 1089760051826 7
8 1089760051827 2
8 1089760051829 4
8 1089760051830 6
8 1089760051831 6
8 1089760051832 3
8 1089760051833 2
8 1089760051834 1
8 1089760051835 4
8 1089760051836 1
8 1089760051837 4
8 1089760051838 2
8 1089760051839 4
8 1089760051840 3
8 1089760051841 5
8 1089760051842 1
8 1089760051844 5
8 1089760051845 3
8 1089760051846 2
8 1089760051847 2
8 1089760051848 4
8 1089760051849 1
8 1089760051850 4
8 1089760051851 1
8 1089760051852 2
8 1089760051853 1
8 1089760051854 3
8 1089760051855 3
8 1089760051856 3
8 1089760051858 4
8 1089760051859 1
8 1089760051860 5
8 1089760051861 1
8 1089760051863 1
8 1089760051864 4
8 1089760051865 4
8 1089760051866 3
8 1089760051867 6
8 1089760051868 4
8 1089760051870 3
8 1089760051871 1
8 1089760051872 4
8 1089760051873 2
8 1089760051874 4
8 1089760051875 2
8 1089760051876 1
8 1089760051877 4
8 1089760051878 2
8 1089760051879 3
8 1089760051880 3
8 1089760051881 6
8 1089760051882 2
8 1089760051883 1
8 1089760051884 1
8 1089760051885 4
8 1089760051886 7
8 1089760051887 3
8 1089760051889 1
8 1089760051890 6
8 1089760051891 2
8 1089760051892 2
8 1089760051894 3
8 1089760051895 5
8 1089760051896 1
8 1089760051897 1
8 1089760051898 2
8 1089760051899 2
8 1089760051900 3
8 1089760051901 2
8 1089760051902 3
8 1089760051904 4
8 1089760051905 5
8 1089760051906 6
8 1089760051907 2
8 1089760051908 1
8 1089760051909 2
8 1089760051910 5
8 1089760051911 2
8 1089760051912 1
8 1089760051913 1
8 1089760051914 2
8 1089760051915 5
8 1089760051916 1
8 1089760051917 1
8 1089760051918 2
8 1089760051919 2
8 1089760051920 2
8 1089760051921 2
8 1089760051922 5
8 1089760051923 2
8 1089760051924 4
8 1089760051925 3
8 1089760051926 4
8 1089760051927 7
8 1089760051928 3
8 1089760051929 2
8 1089760051930 6
8 1089760051931 4
8 1089760051932 3
8 1089760051933 39
8 1089760051934 4
8 1089760051935 3
8 1089760051936 2
8 1089760051937 3
8 1089760051938 2
8 1089760051939 2
8 1089760051940 1
8 1089760051941 2
8 1089760051942 3
8 1089760051943 2
8 1089760051944 5
8 1089760051945 3
8 1089760051946 29
8 1089760051947 4
8 1089760051949 1
8 1089760051950 1
8 1089760051951 2
8 1089760051952 3
8 1089760051953 3
8 1089760051954 1
8 1089760051955 2
8 1089760051956 4
8 1089760051957 4
8 1089760051958 1
8 1089760051959 1
8 1089760051960 3
8 1089760051961 6
8 1089760051962 3
8 1089760051963 2
8 1089760051964 4
8 1089760051965 2
8 1089760051966 2
8 1089760051967 3
8 1089760051968 2
8 1089760051969 3
8 1089760051970 2
8 1089760051971 2
8 1089760051972 1
8 1089760051973 2
8 1089760051974 3
8 1089760051975 1
8 1089760051976 2
8 1089760051977 2
8 1089760051978 2
8 1089760051979 1
8 1089760051981 4
8 1089760051982 2
8 1089760051983 5
8 1089760051984 2
8 1089760051985 4
8 1089760051986 3
8 1089760051987 4
8 1089760051988 2
8 1089760051989 2
8 1089760051991 5
8 1089760051992 1
8 1089760051993 2
8 1089760051994 2
8 1089760051995 4
8 1089760051996 2
8 1089760051998 3
8 1089760051999 3
8 1089760052000 3
8 1089760052001 4
8 1089760052002 2
8 1089760052003 1
8 1089760052004 1
8 1089760052005 2
8 1089760052006 3
8 1089760052007 4
8 1089760052009 1
8 1089760052010 3
8 1089760052011 5
8 1089760052012 3
8 1089760052013 3
8 1089760052014 1
8 1089760052015 2
8 1089760052016 4
8 1089760052017 6
8 1089760052018 2
8 1089760052019 3
8 1089760052020 2
8 1089760052021 4
8 1089760052022 2
8 1089760052025 2
8 1089760052026 1
8 1089760052027 4
8 1089760052028 1
8 1089760052029 9
8 1089760052030 2
8 1089760052031 2
8 1089760052032 3
8 1089760052033 4
8 1089760052034 1
8 1089760052035 2
8 1089760052036 1
8 1089760052037 79
8 1089760052038 1
8 1089760052039 5
8 1089760052040 1
8 1089760052041 2
8 1089760052042 4
8 1089760052043 5
8 1089760052044 3
8 1089760052045 2
8 1089760052046 3
8 1089760052047 10
8 1089760052048 2
8 1089760052050 2
8 1089760052051 4
8 1089760052052 1
8 1089760052053 3
8 1089760052054 1
8 1089760052056 8
8 1089760052057 1
8 1089760052058 1
8 1089760052059 3
8 1089760052060 4
8 1089760052061 4
8 1089760052062 3
8 1089760052063 2
8 1089760052064 4
8 1089760052065 2
8 1089760052066 3
8 1089760052067 1
8 1089760052069 4
8 1089760052070 2
8 1089760052071 1
8 1089760052072 3
8 1089760052075 1
8 1089760052076 1
8 1089760052077 2
8 1089760052078 1
8 1089760052079 2
8 1089760052080 1
8 1089760052081 2
8 1089760052082 3
8 1089760052083 1
8 1089760052084 5
8 1089760052085 2
8 1089760052086 1
8 1089760052089 1
8 1089760052090 4
8 1089760052092 1
8 1089760052093 2
8 1089760052094 4
8 1089760052097 1
8 1089760052098 3
8 1089760052099 1
8 1089760052101 2
8 1089760052102 2
8 1089760052103 1
8 1089760052104 1
8 1089760052105 2
8 1089760052106 2
8 1089760052107 1
8 1089760052108 2
8 1089760052109 3
8 1089760052110 2
8 1089760052111 2
8 1089760052112 2
8 1089760052113 1
8 1089760052116 2
8 1089760052119 3
8 1089760052121 1
8 1089760052124 1
8 1089760052126 2
8 1089760052130 1
8 1089760052131 2
8 1089760052132 2
8 1089760052133 3
8 1089760052135 1
8 1089760052136 2
8 1089760052137 1
8 1089760052138 1
8 1089760052139 1
8 1089760052140 3
8 1089760052141 3
8 1089760052142 2
8 1089760052143 2
8 1089760052144 1
8 1089760052145 1
8 1089760052146 2
8 1089760052149 2
8 1089760052150 1
8 1089760052151 1
8 1089760052152 2
8 1089760052153 3
8 1089760052154 2
8 1089760052155 2
8 1089760052157 1
8 1089760052158 3
8 1089760052159 2
8 1089760052160 2
8 1089760052161 1
8 1089760052162 3
8 1089760052163 1
8 1089760052164 1
8 1089760052165 1
8 1089760052166 2
8 1089760052168 1
8 1089760052170 1
8 1089760052171 2
8 1089760052172 1
8 1089760052177 3
8 1089760052179 1
8 1089760052180 2
8 1089760052181 1
8 1089760052182 2
8 1089760052183 1
8 1089760052184 1
8 1089760052186 4
8 1089760052187 1
8 1089760052188 2
8 1089760052189 2
8 1089760052190 1
8 1089760052191 2
8 1089760052193 1
8 1089760052194 1
8 1089760052195 2
8 1089760052196 3
8 1089760052197 1
8 1089760052198 1
8 1089760052199 1
8 1089760052200 2
8 1089760052202 2
8 1089760052203 1
8 1089760052204 2
8 1089760052205 2
8 1089760052207 2
8 1089760052208 2
8 1089760052210 1
8 1089760052212 1
8 1089760052214 3
8 1089760052217 1
8 1089760052218 2
8 1089760052219 4
8 1089760052221 1
8 1089760052222 1
8 1089760052534 1
8 1089760052769 1
8 1089760052891 1
8 1089760053075 1
9 1089760035993 2
9 1089760036228 2
9 1089760036680 2
9 1089760037127 2
9 1089760037410 2
9 1089760037542 2
9 1089760042440 1
9 1089760043148 2
9 1089760044506 2
9 1089760045850 1
9 1089760046700 2
9 1089760047100 1
9 1089760051226 4
9 1089760051227 4
9 1089760051256 4
9 1089760051257 4
9 1089760051286 4
9 1089760051287 4
9 1089760051316 4
9 1089760051317 4
9 1089760051346 4
9 1089760051347 4
9 1089760051376 4
9 1089760051377 4
9 1089760051386 4
9 1089760051387 4
9 1089760051424 4
9 1089760051425 4
9 1089760051432 4
9 1089760051433 4
9 1089760051488 4
9 1089760051489 4
9 1089760051524 4
9 1089760051525 4
9 1089760051540 4
9 1089760051541 4
9 1089760051723 1
9 1089760051746 1
9 1089760051753 1
9 1089760051766 1
9 1089760051885 1
9 1089760051894 1
9 1089760051992 1
9 1089760052023 1
9 1089760052047 1
